1.20034
1537  1466  1522  1483  1576  1455  1461  1527  1558  1488  1503  1444  1491  1555  1520  1543  1543  1564  1477  1530  
1438  1555  1451  1512  1487  1488  1441  1499  1440  1502  1534  1518  1507  1541  1544  1495  1545  1476  1528  1532  
1476  1454  1501  1494  1474  1455  1435  1452  1501  1476  1581  1446  1457  1505  1412  1559  1493  1503  1459  1572  
1514  1466  1472  1451  1552  1543  1602  1465  1539  1485  1541  1453  1489  1532  1474  1547  1492  1511  1515  1549  
1532  1541  1541  1535  1531  1497  1478  1468  1540  1548  1497  1488  1508  1566  1566  1538  1522  1553  1542  1532  
1455  1512  1524  1517  1508  1482  1527  1494  1510  1438  1511  1480  1463  1548  1476  1548  1474  1548  1461  1429  
1495  1578  1475  1470  1562  1485  1554  1411  1453  1474  1550  1497  1511  1470  1487  1459  1473  1442  1519  1512  
1504  1447  1454  1444  1540  1528  1504  1468  1484  1512  1485  1506  1502  1528  1496  1510  1470  1558  1515  1525  
1448  1496  1465  1476  1461  1524  1463  1535  1466  1514  1442  1480  1566  1480  1490  1602  1535  1459  1492  1504  
1542  1486  1513  1469  1498  1525  1553  1510  1513  1523  1530  1479  1469  1528  1498  1551  1455  1493  1473  1419  
1516  1505  1451  1532  1429  1410  1524  1458  1531  1502  1500  1518  1481  1445  1536  1492  1507  1545  1464  1529  
1522  1549  1455  1402  1474  1562  1517  1555  1507  1491  1497  1460  1508  1554  1500  1436  1489  1499  1528  1471  
1455  1517  1540  1484  1475  1439  1463  1537  1533  1476  1535  1489  1554  1533  1422  1495  1474  1539  1473  1504  
1463  1485  1572  1496  1484  1526  1403  1496  1499  1550  1447  1474  1477  1516  1513  1488  1515  1481  1455  1525  
1475  1550  1469  1575  1543  1490  1502  1484  1555  1455  1499  1573  1495  1512  1495  1450  1564  1534  1440  1458  
1464  1512  1518  1520  1491  1517  1502  1578  1551  1508  1506  1508  1540  1475  1533  1445  1492  1518  1479  1531  
1515  1479  1521  1487  1469  1553  1485  1522  1466  1536  1579  1549  1457  1487  1580  1449  1510  1441  1496  1490  
1464  1466  1525  1589  1458  1524  1565  1475  1512  1467  1517  1507  1411  1523  1527  1528  1556  1422  1508  1500  
1538  1523  1515  1543  1510  1519  1484  1536  1499  1435  1560  1451  1493  1483  1526  1497  1435  1517  1530  1427  
1503  1404  1535  1456  1500  1497  1536  1601  1454  1416  1489  1467  1547  1517  1473  1520  1529  1569  1499  1486  
