1.20101
1474  1560  1541  1533  1496  1582  1425  1557  1498  1512  1458  1493  1552  1479  1498  1446  1476  1517  1459  1524  
1531  1556  1500  1428  1535  1575  1500  1465  1499  1481  1468  1475  1542  1538  1512  1526  1486  1515  1540  1578  
1548  1452  1438  1498  1497  1508  1567  1506  1505  1519  1500  1502  1449  1532  1481  1529  1521  1513  1556  1519  
1561  1543  1474  1513  1457  1446  1413  1399  1372  1516  1505  1417  1495  1558  1504  1441  1448  1471  1435  1447  
1407  1506  1535  1509  1545  1463  1550  1454  1440  1448  1468  1529  1504  1482  1583  1424  1520  1607  1445  1512  
1507  1480  1466  1476  1413  1427  1514  1494  1508  1471  1471  1484  1527  1593  1427  1569  1560  1503  1559  1471  
1423  1480  1548  1534  1548  1494  1542  1502  1451  1553  1487  1456  1585  1553  1475  1508  1484  1524  1534  1543  
1554  1524  1464  1481  1403  1463  1457  1453  1520  1507  1455  1454  1541  1548  1535  1458  1474  1538  1446  1574  
1502  1510  1557  1541  1483  1469  1551  1509  1512  1521  1495  1484  1471  1473  1504  1517  1507  1419  1560  1473  
1515  1594  1450  1558  1490  1425  1540  1426  1477  1488  1575  1455  1497  1472  1491  1413  1515  1523  1523  1461  
1493  1561  1480  1550  1447  1469  1503  1477  1448  1520  1493  1487  1504  1506  1553  1567  1499  1463  1513  1487  
1525  1445  1608  1486  1505  1383  1521  1501  1515  1628  1394  1525  1553  1442  1477  1555  1533  1540  1453  1539  
1466  1450  1450  1510  1449  1462  1523  1484  1467  1486  1510  1573  1493  1496  1496  1561  1527  1551  1512  1489  
1438  1537  1518  1551  1525  1471  1503  1419  1446  1415  1522  1546  1456  1483  1543  1526  1508  1500  1497  1504  
1493  1516  1496  1466  1524  1456  1470  1492  1495  1536  1491  1409  1576  1524  1460  1495  1494  1483  1548  1464  
1480  1532  1540  1439  1421  1428  1564  1453  1513  1511  1478  1523  1467  1527  1441  1489  1582  1506  1516  1468  
1461  1523  1442  1402  1499  1533  1544  1447  1478  1438  1463  1549  1555  1467  1504  1518  1520  1534  1514  1491  
1441  1566  1497  1502  1541  1485  1526  1484  1542  1539  1506  1480  1508  1465  1506  1596  1476  1501  1515  1550  
1541  1492  1532  1479  1497  1555  1518  1478  1492  1529  1544  1493  1537  1538  1476  1459  1488  1459  1520  1482  
1520  1422  1494  1465  1553  1531  1491  1503  1572  1518  1509  1511  1551  1490  1410  1517  1554  1477  1515  1497  
