1.20003
1526  1519  1517  1488  1504  1522  1469  1441  1500  1542  1515  1575  1574  1424  1497  1492  1493  1510  1529  1531  
1423  1471  1460  1569  1487  1563  1506  1458  1384  1512  1567  1534  1534  1513  1473  1490  1520  1518  1533  1488  
1473  1475  1476  1463  1450  1500  1529  1528  1466  1408  1529  1541  1443  1497  1524  1493  1397  1469  1532  1526  
1496  1509  1529  1487  1449  1464  1500  1542  1526  1504  1550  1514  1496  1497  1448  1541  1472  1399  1474  1397  
1543  1482  1468  1528  1430  1546  1533  1504  1553  1564  1568  1578  1490  1562  1447  1504  1504  1533  1491  1511  
1478  1522  1482  1452  1438  1481  1507  1508  1490  1419  1549  1529  1533  1456  1557  1526  1472  1549  1531  1517  
1462  1498  1456  1502  1413  1465  1463  1550  1472  1546  1478  1468  1497  1593  1462  1561  1532  1476  1437  1481  
1538  1494  1501  1490  1552  1469  1478  1530  1584  1524  1522  1582  1597  1569  1506  1502  1501  1457  1485  1545  
1474  1562  1560  1544  1498  1471  1431  1515  1539  1492  1452  1455  1488  1515  1462  1501  1480  1508  1514  1569  
1563  1476  1505  1513  1497  1486  1557  1459  1437  1422  1437  1404  1462  1516  1571  1473  1462  1447  1428  1483  
1504  1440  1452  1576  1560  1482  1512  1471  1472  1584  1547  1500  1497  1469  1498  1446  1575  1438  1432  1479  
1516  1456  1533  1551  1467  1518  1531  1475  1549  1478  1468  1520  1490  1527  1502  1536  1455  1503  1524  1538  
1435  1546  1487  1535  1533  1479  1524  1475  1563  1471  1517  1567  1500  1470  1527  1493  1474  1474  1504  1465  
1414  1433  1508  1530  1558  1411  1553  1516  1466  1554  1561  1579  1533  1386  1482  1527  1459  1466  1489  1507  
1504  1459  1536  1562  1522  1509  1531  1466  1461  1489  1573  1509  1538  1485  1510  1496  1494  1479  1593  1493  
1483  1524  1537  1509  1527  1514  1503  1516  1583  1561  1502  1535  1539  1463  1492  1503  1516  1531  1434  1465  
1507  1481  1488  1471  1441  1441  1550  1489  1464  1540  1514  1453  1512  1477  1552  1524  1461  1502  1531  1509  
1524  1546  1556  1561  1444  1433  1493  1535  1515  1536  1462  1482  1523  1460  1551  1458  1520  1528  1503  1499  
1440  1478  1457  1513  1508  1524  1454  1502  1557  1542  1510  1513  1506  1539  1518  1439  1427  1546  1507  1507  
1532  1484  1472  1507  1505  1464  1504  1453  1535  1508  1448  1480  1437  1449  1494  1501  1511  1525  1519  1418  
