1.19898
1523  1578  1554  1431  1496  1494  1456  1558  1565  1531  1503  1461  1485  1511  1543  1503  1448  1498  1484  1481  
1528  1499  1550  1435  1534  1535  1495  1490  1449  1496  1473  1434  1539  1522  1481  1426  1491  1474  1363  1488  
1509  1543  1457  1526  1429  1473  1433  1496  1498  1483  1394  1486  1465  1458  1519  1472  1439  1533  1575  1449  
1499  1519  1525  1575  1438  1488  1486  1478  1512  1530  1452  1449  1443  1517  1526  1463  1512  1483  1520  1502  
1570  1494  1591  1470  1543  1441  1560  1573  1462  1437  1464  1495  1548  1557  1493  1455  1484  1567  1459  1502  
1492  1500  1446  1461  1587  1551  1486  1628  1508  1557  1586  1492  1551  1419  1517  1588  1530  1444  1505  1517  
1490  1504  1486  1522  1503  1537  1523  1441  1503  1557  1462  1502  1547  1479  1498  1377  1510  1472  1440  1472  
1504  1533  1513  1492  1532  1564  1564  1456  1473  1397  1476  1544  1566  1524  1511  1497  1445  1488  1414  1452  
1588  1472  1559  1522  1400  1463  1384  1457  1525  1576  1540  1511  1474  1516  1610  1494  1467  1477  1486  1431  
1458  1456  1531  1485  1558  1515  1506  1545  1512  1470  1503  1509  1511  1466  1501  1454  1571  1509  1492  1538  
1535  1474  1511  1460  1531  1520  1529  1525  1478  1458  1495  1457  1516  1529  1459  1520  1475  1488  1483  1497  
1444  1500  1485  1535  1518  1438  1508  1456  1478  1448  1571  1538  1537  1537  1509  1492  1440  1467  1526  1540  
1448  1455  1467  1478  1443  1496  1532  1531  1471  1444  1420  1567  1540  1435  1471  1487  1538  1513  1538  1488  
1554  1574  1478  1508  1568  1438  1492  1552  1543  1443  1567  1535  1456  1477  1523  1435  1531  1529  1536  1476  
1485  1457  1503  1455  1535  1526  1469  1529  1453  1550  1485  1566  1513  1480  1466  1483  1457  1567  1455  1480  
1529  1484  1566  1537  1574  1467  1559  1472  1440  1581  1499  1463  1576  1450  1527  1494  1476  1552  1534  1487  
1507  1420  1438  1543  1458  1504  1494  1487  1433  1518  1451  1383  1569  1538  1513  1525  1546  1534  1476  1538  
1480  1436  1571  1476  1436  1479  1556  1491  1506  1467  1510  1445  1498  1463  1589  1504  1501  1403  1505  1519  
1548  1514  1566  1543  1553  1522  1490  1526  1513  1614  1542  1495  1487  1472  1512  1378  1548  1480  1509  1520  
1482  1531  1501  1502  1562  1448  1482  1510  1431  1602  1428  1462  1474  1456  1436  1496  1474  1558  1538  1572  
