1.19925
1502  1519  1507  1409  1425  1548  1481  1518  1540  1440  1562  1508  1480  1516  1517  1500  1459  1519  1508  1513  
1456  1531  1447  1539  1437  1530  1504  1458  1586  1401  1480  1489  1455  1498  1451  1519  1468  1515  1571  1507  
1524  1388  1547  1519  1548  1536  1491  1467  1654  1491  1498  1529  1369  1526  1441  1500  1487  1504  1590  1521  
1496  1474  1510  1428  1428  1519  1507  1487  1435  1486  1423  1490  1503  1484  1544  1448  1481  1532  1561  1555  
1441  1568  1549  1527  1466  1478  1511  1526  1504  1511  1589  1479  1453  1500  1471  1461  1527  1485  1549  1493  
1510  1514  1451  1495  1448  1510  1543  1584  1473  1408  1500  1465  1487  1477  1529  1518  1541  1553  1528  1564  
1504  1459  1488  1497  1485  1482  1483  1470  1492  1535  1595  1532  1439  1475  1498  1532  1502  1450  1553  1449  
1458  1510  1485  1447  1528  1572  1492  1477  1432  1544  1508  1434  1469  1488  1563  1537  1527  1469  1459  1499  
1532  1525  1580  1509  1498  1546  1523  1447  1445  1549  1504  1471  1481  1484  1547  1463  1526  1537  1496  1493  
1533  1423  1446  1468  1501  1468  1511  1539  1498  1433  1537  1441  1459  1483  1575  1526  1430  1455  1495  1473  
1451  1476  1523  1458  1498  1464  1520  1415  1544  1559  1447  1510  1518  1482  1569  1522  1517  1452  1509  1516  
1490  1532  1517  1414  1429  1471  1486  1495  1512  1455  1499  1536  1506  1515  1496  1467  1529  1398  1520  1458  
1499  1436  1508  1454  1475  1431  1520  1469  1480  1547  1546  1531  1555  1443  1443  1520  1507  1532  1557  1510  
1523  1524  1402  1490  1453  1542  1493  1511  1487  1470  1445  1566  1515  1567  1472  1430  1510  1497  1479  1505  
1535  1461  1545  1542  1578  1465  1463  1437  1468  1493  1612  1440  1491  1497  1481  1475  1550  1429  1562  1461  
1525  1525  1465  1571  1595  1597  1431  1453  1594  1482  1465  1519  1496  1536  1492  1458  1486  1452  1508  1497  
1562  1505  1506  1553  1427  1565  1455  1545  1519  1533  1502  1490  1558  1440  1449  1497  1513  1492  1470  1496  
1541  1446  1534  1520  1558  1543  1564  1538  1485  1412  1479  1483  1485  1476  1510  1490  1478  1576  1510  1438  
1497  1541  1495  1506  1419  1402  1390  1474  1445  1535  1496  1510  1515  1435  1471  1519  1516  1464  1528  1480  
1480  1497  1512  1436  1523  1481  1482  1497  1445  1456  1524  1500  1540  1526  1427  1508  1587  1551  1588  1365  
