1.19886
1510  1500  1446  1475  1443  1439  1548  1489  1591  1481  1558  1436  1529  1497  1489  1426  1441  1464  1497  1480  
1566  1581  1554  1532  1478  1481  1400  1448  1519  1467  1526  1546  1506  1528  1366  1473  1530  1472  1485  1411  
1495  1513  1526  1447  1527  1467  1534  1520  1472  1492  1520  1448  1499  1442  1478  1548  1580  1518  1478  1446  
1545  1587  1445  1404  1546  1501  1464  1503  1426  1408  1584  1469  1469  1539  1511  1500  1504  1477  1452  1463  
1504  1569  1537  1485  1470  1415  1491  1510  1505  1557  1438  1495  1541  1569  1600  1489  1454  1529  1506  1493  
1485  1392  1497  1472  1519  1577  1426  1528  1459  1503  1541  1498  1476  1438  1530  1409  1524  1620  1481  1505  
1541  1480  1465  1481  1507  1500  1546  1541  1375  1489  1519  1519  1549  1506  1524  1435  1471  1477  1485  1460  
1519  1487  1515  1504  1443  1459  1518  1493  1527  1528  1525  1429  1468  1545  1480  1575  1426  1585  1462  1541  
1478  1522  1514  1534  1511  1506  1434  1510  1494  1507  1589  1494  1490  1457  1528  1562  1550  1469  1454  1555  
1485  1451  1468  1542  1483  1487  1450  1500  1584  1562  1547  1505  1466  1510  1496  1528  1515  1459  1550  1534  
1519  1524  1523  1513  1494  1532  1460  1475  1489  1507  1485  1467  1486  1554  1460  1461  1487  1443  1430  1503  
1489  1472  1493  1511  1454  1549  1534  1555  1479  1411  1520  1510  1518  1563  1495  1400  1475  1510  1423  1429  
1529  1561  1524  1418  1492  1479  1489  1538  1447  1475  1507  1536  1526  1513  1513  1447  1483  1522  1424  1486  
1562  1502  1544  1494  1472  1460  1471  1516  1473  1457  1511  1514  1503  1476  1487  1524  1515  1484  1490  1592  
1580  1476  1521  1527  1498  1511  1509  1507  1500  1515  1477  1417  1586  1476  1566  1523  1530  1507  1463  1434  
1462  1443  1531  1486  1535  1484  1512  1562  1521  1413  1550  1479  1539  1538  1477  1474  1453  1515  1511  1501  
1482  1577  1504  1500  1527  1521  1455  1421  1527  1428  1491  1440  1472  1537  1421  1492  1494  1568  1494  1516  
1523  1477  1488  1487  1532  1471  1472  1556  1405  1515  1523  1510  1484  1572  1574  1500  1457  1454  1487  1439  
1548  1490  1511  1525  1439  1531  1420  1547  1547  1541  1519  1549  1404  1534  1439  1447  1554  1480  1444  1523  
1461  1443  1550  1580  1554  1466  1574  1573  1463  1475  1466  1424  1518  1545  1426  1520  1544  1529  1503  1439  
