1.19918
1471  1514  1590  1458  1546  1465  1514  1491  1526  1489  1459  1414  1440  1609  1508  1494  1505  1439  1472  1416  
1440  1454  1452  1488  1526  1492  1513  1517  1416  1505  1437  1495  1539  1518  1506  1546  1484  1394  1523  1535  
1467  1490  1455  1553  1513  1523  1483  1460  1486  1452  1511  1493  1475  1547  1515  1398  1441  1557  1476  1507  
1482  1554  1455  1405  1545  1536  1507  1441  1498  1463  1461  1543  1455  1507  1475  1500  1529  1500  1492  1427  
1447  1469  1421  1483  1541  1430  1546  1515  1511  1419  1465  1477  1502  1504  1476  1536  1443  1538  1519  1559  
1520  1446  1510  1435  1531  1495  1514  1471  1448  1501  1463  1526  1505  1428  1478  1515  1551  1394  1477  1465  
1485  1429  1482  1603  1546  1449  1545  1466  1496  1463  1524  1493  1470  1541  1510  1573  1461  1494  1522  1536  
1512  1511  1488  1559  1545  1517  1549  1501  1481  1404  1638  1506  1473  1507  1441  1519  1465  1501  1544  1547  
1447  1471  1466  1531  1539  1516  1499  1484  1481  1413  1473  1615  1532  1475  1522  1492  1585  1531  1509  1532  
1505  1576  1467  1482  1462  1465  1536  1507  1541  1528  1489  1468  1526  1471  1460  1500  1522  1470  1568  1487  
1490  1520  1586  1504  1479  1538  1495  1491  1461  1519  1514  1475  1526  1465  1389  1512  1507  1548  1516  1482  
1578  1511  1522  1502  1426  1478  1508  1517  1462  1461  1465  1561  1487  1499  1440  1502  1566  1547  1514  1432  
1576  1506  1472  1529  1535  1430  1526  1446  1554  1494  1548  1573  1523  1578  1530  1548  1572  1491  1477  1509  
1509  1519  1440  1566  1472  1504  1472  1503  1558  1504  1526  1455  1467  1517  1493  1499  1524  1544  1484  1500  
1447  1483  1523  1445  1458  1515  1439  1459  1509  1477  1449  1480  1544  1519  1454  1504  1479  1475  1542  1460  
1508  1540  1434  1519  1411  1507  1400  1606  1529  1430  1457  1531  1483  1509  1505  1470  1533  1499  1531  1477  
1471  1473  1472  1471  1509  1439  1524  1508  1481  1560  1567  1404  1514  1494  1454  1476  1531  1518  1506  1404  
1501  1579  1525  1502  1490  1459  1515  1516  1523  1498  1502  1543  1526  1498  1578  1553  1419  1477  1517  1495  
1570  1463  1548  1535  1514  1513  1483  1525  1536  1443  1509  1479  1482  1519  1422  1581  1481  1501  1466  1470  
1490  1501  1491  1554  1443  1494  1609  1556  1503  1484  1531  1504  1486  1431  1501  1584  1483  1528  1536  1444  
