1.20019
1539  1559  1497  1503  1565  1506  1429  1473  1529  1452  1549  1492  1530  1513  1508  1494  1456  1510  1522  1463  
1553  1442  1497  1524  1547  1518  1502  1505  1516  1521  1478  1537  1467  1462  1546  1595  1430  1461  1615  1481  
1503  1537  1428  1502  1534  1475  1526  1483  1514  1516  1473  1507  1483  1485  1464  1454  1583  1517  1460  1467  
1499  1469  1514  1548  1490  1462  1531  1553  1485  1530  1522  1553  1487  1573  1504  1575  1526  1546  1493  1540  
1548  1531  1473  1482  1486  1497  1506  1524  1484  1501  1558  1452  1541  1518  1555  1480  1533  1485  1504  1503  
1540  1447  1535  1505  1420  1531  1472  1511  1549  1473  1508  1458  1434  1455  1524  1481  1483  1517  1499  1543  
1484  1421  1460  1547  1495  1538  1513  1543  1537  1505  1403  1485  1491  1456  1517  1457  1475  1581  1566  1409  
1551  1476  1494  1495  1494  1587  1501  1467  1507  1426  1538  1489  1440  1485  1444  1483  1570  1538  1477  1584  
1511  1567  1528  1466  1531  1444  1488  1542  1616  1524  1470  1502  1553  1498  1575  1521  1498  1501  1432  1530  
1424  1502  1500  1492  1459  1516  1537  1469  1474  1482  1517  1463  1507  1548  1480  1454  1509  1501  1525  1528  
1452  1477  1480  1479  1461  1572  1546  1529  1511  1547  1500  1559  1508  1496  1545  1496  1506  1510  1488  1556  
1564  1515  1470  1475  1539  1540  1532  1596  1528  1420  1536  1463  1419  1473  1470  1541  1458  1425  1470  1493  
1437  1465  1517  1541  1519  1493  1522  1474  1524  1513  1532  1497  1478  1513  1485  1531  1475  1478  1470  1439  
1449  1521  1512  1430  1540  1558  1440  1541  1508  1504  1512  1600  1509  1484  1480  1554  1451  1478  1498  1534  
1456  1488  1548  1465  1509  1531  1465  1447  1465  1538  1434  1421  1468  1555  1440  1523  1465  1528  1458  1374  
1443  1554  1502  1458  1495  1494  1451  1510  1525  1460  1490  1456  1436  1454  1457  1536  1469  1506  1501  1512  
1473  1561  1571  1524  1436  1439  1447  1423  1531  1484  1568  1505  1456  1478  1518  1559  1538  1452  1548  1463  
1540  1567  1466  1565  1450  1542  1530  1469  1534  1476  1592  1553  1562  1508  1481  1434  1553  1475  1477  1567  
1413  1500  1467  1564  1488  1440  1522  1468  1466  1472  1510  1451  1511  1500  1470  1501  1508  1522  1455  1450  
1513  1532  1420  1430  1490  1621  1516  1496  1457  1549  1520  1470  1519  1471  1513  1501  1502  1544  1551  1504  
