1.19918
1514  1498  1517  1585  1467  1499  1476  1472  1546  1506  1446  1423  1411  1507  1500  1467  1414  1522  1495  1529  
1446  1580  1528  1499  1473  1455  1490  1499  1458  1452  1495  1478  1495  1475  1461  1535  1424  1509  1435  1458  
1457  1484  1533  1453  1574  1604  1515  1536  1537  1483  1565  1462  1442  1394  1470  1502  1472  1505  1448  1482  
1599  1522  1437  1521  1530  1473  1505  1547  1480  1512  1544  1616  1509  1519  1498  1472  1481  1460  1531  1453  
1454  1540  1488  1547  1427  1452  1432  1418  1475  1526  1535  1515  1548  1482  1478  1465  1415  1543  1446  1575  
1507  1488  1525  1552  1517  1527  1514  1401  1513  1495  1430  1464  1447  1539  1499  1476  1594  1520  1483  1482  
1498  1490  1477  1519  1505  1534  1436  1548  1443  1481  1409  1547  1514  1546  1504  1592  1530  1527  1478  1486  
1563  1420  1499  1520  1546  1528  1540  1466  1516  1472  1539  1502  1527  1525  1545  1475  1510  1509  1536  1538  
1481  1531  1469  1462  1509  1480  1479  1526  1514  1520  1525  1546  1477  1482  1562  1520  1455  1459  1428  1522  
1519  1403  1454  1476  1606  1561  1586  1512  1446  1454  1506  1533  1526  1509  1489  1586  1563  1439  1478  1416  
1561  1554  1505  1479  1502  1435  1556  1459  1455  1501  1492  1519  1546  1479  1477  1458  1484  1476  1518  1520  
1517  1478  1531  1540  1473  1479  1511  1450  1515  1475  1517  1536  1436  1496  1463  1528  1558  1469  1504  1465  
1512  1583  1579  1519  1535  1484  1558  1531  1517  1493  1534  1492  1548  1495  1459  1490  1488  1449  1460  1473  
1547  1499  1501  1522  1512  1597  1503  1502  1444  1441  1498  1444  1588  1510  1477  1493  1594  1547  1521  1569  
1534  1492  1500  1475  1513  1502  1512  1556  1532  1451  1476  1547  1479  1623  1536  1447  1524  1495  1421  1512  
1563  1499  1504  1502  1460  1479  1504  1476  1551  1576  1485  1515  1426  1437  1385  1502  1533  1489  1522  1501  
1530  1512  1501  1531  1533  1402  1516  1458  1489  1552  1447  1480  1473  1504  1532  1500  1485  1436  1482  1482  
1520  1451  1444  1526  1548  1485  1432  1504  1451  1476  1439  1560  1456  1477  1499  1490  1468  1478  1498  1519  
1542  1419  1497  1519  1491  1454  1458  1484  1533  1490  1527  1512  1522  1569  1481  1533  1437  1556  1483  1449  
1527  1421  1484  1560  1569  1458  1511  1506  1456  1407  1516  1534  1444  1501  1448  1587  1494  1545  1544  1510  
