1.19871
1432  1537  1502  1475  1455  1496  1522  1503  1533  1529  1458  1457  1475  1478  1509  1562  1519  1483  1482  1498  
1458  1554  1494  1534  1458  1511  1476  1469  1533  1530  1471  1532  1499  1530  1392  1540  1482  1533  1520  1472  
1496  1511  1393  1477  1411  1474  1424  1524  1523  1529  1554  1478  1515  1535  1536  1401  1461  1571  1432  1561  
1425  1503  1507  1552  1479  1479  1509  1422  1480  1500  1437  1497  1492  1474  1528  1491  1531  1481  1509  1510  
1523  1519  1474  1404  1410  1534  1434  1531  1513  1547  1473  1490  1539  1440  1523  1535  1547  1514  1581  1425  
1482  1549  1535  1440  1497  1528  1431  1501  1512  1490  1539  1520  1504  1519  1507  1486  1514  1448  1472  1498  
1476  1490  1493  1487  1460  1490  1523  1554  1452  1494  1501  1469  1525  1645  1532  1531  1479  1529  1518  1531  
1517  1506  1548  1509  1470  1532  1520  1503  1499  1470  1501  1476  1491  1526  1488  1491  1399  1523  1543  1562  
1456  1452  1419  1526  1399  1489  1564  1496  1480  1412  1514  1546  1520  1513  1479  1569  1510  1551  1510  1465  
1483  1476  1508  1480  1598  1475  1515  1450  1468  1559  1496  1579  1555  1433  1414  1476  1444  1498  1473  1498  
1497  1462  1486  1475  1426  1442  1417  1444  1529  1439  1562  1507  1481  1545  1503  1482  1540  1521  1522  1552  
1447  1554  1472  1470  1547  1519  1546  1423  1570  1474  1520  1549  1552  1514  1443  1445  1462  1416  1503  1454  
1525  1515  1540  1476  1528  1454  1485  1481  1484  1477  1488  1461  1533  1502  1493  1488  1464  1427  1488  1593  
1467  1524  1599  1461  1462  1477  1475  1531  1464  1526  1484  1461  1479  1528  1432  1523  1476  1474  1544  1506  
1560  1493  1543  1477  1444  1458  1466  1452  1461  1528  1438  1505  1508  1500  1511  1472  1579  1528  1496  1544  
1464  1586  1445  1531  1580  1469  1432  1496  1575  1551  1585  1530  1500  1534  1500  1522  1461  1465  1438  1467  
1476  1512  1502  1502  1465  1483  1521  1469  1503  1477  1532  1452  1505  1551  1461  1544  1513  1549  1536  1467  
1493  1514  1479  1515  1507  1569  1486  1503  1432  1456  1473  1499  1438  1504  1652  1469  1503  1501  1506  1549  
1527  1472  1633  1504  1473  1498  1573  1506  1372  1507  1537  1516  1493  1430  1491  1467  1534  1474  1540  1477  
1501  1519  1577  1480  1468  1456  1490  1481  1541  1434  1507  1563  1502  1511  1466  1495  1494  1604  1562  1451  
