1.19908
1521  1473  1543  1427  1503  1511  1431  1490  1519  1482  1528  1524  1591  1460  1462  1362  1495  1474  1483  1483  
1515  1414  1536  1472  1483  1538  1481  1550  1531  1506  1536  1520  1528  1552  1464  1490  1558  1543  1498  1527  
1519  1501  1541  1537  1399  1502  1501  1532  1534  1517  1523  1430  1524  1452  1522  1482  1555  1461  1535  1407  
1493  1461  1525  1470  1511  1513  1502  1523  1460  1434  1453  1448  1573  1460  1474  1524  1579  1536  1431  1527  
1512  1472  1410  1504  1531  1479  1499  1467  1449  1447  1493  1474  1501  1507  1518  1491  1524  1385  1534  1482  
1526  1494  1493  1511  1536  1441  1652  1512  1618  1511  1527  1528  1566  1477  1416  1536  1530  1527  1548  1510  
1541  1456  1495  1500  1551  1460  1485  1489  1464  1428  1380  1518  1454  1463  1477  1482  1456  1499  1550  1449  
1548  1455  1524  1490  1538  1483  1500  1480  1555  1420  1481  1514  1468  1543  1552  1474  1449  1454  1505  1516  
1531  1503  1484  1518  1457  1511  1463  1541  1418  1548  1470  1436  1463  1452  1496  1574  1598  1502  1505  1583  
1549  1501  1476  1510  1460  1496  1473  1458  1470  1464  1518  1427  1461  1522  1434  1505  1444  1490  1437  1456  
1457  1539  1415  1516  1495  1473  1469  1458  1522  1500  1541  1598  1632  1455  1480  1469  1491  1447  1500  1499  
1425  1458  1416  1502  1489  1458  1452  1464  1501  1551  1519  1433  1575  1555  1492  1532  1539  1563  1492  1443  
1548  1529  1455  1456  1452  1447  1474  1471  1506  1534  1547  1536  1509  1614  1582  1558  1457  1487  1547  1430  
1535  1520  1470  1514  1536  1593  1517  1481  1478  1506  1439  1501  1474  1417  1524  1484  1596  1539  1492  1480  
1511  1482  1520  1456  1486  1449  1500  1455  1603  1523  1490  1480  1485  1496  1518  1492  1502  1471  1529  1526  
1554  1450  1433  1587  1474  1448  1479  1528  1569  1511  1515  1564  1469  1548  1500  1484  1493  1523  1493  1487  
1533  1374  1504  1476  1442  1482  1551  1596  1443  1454  1506  1476  1434  1498  1484  1553  1508  1551  1554  1461  
1473  1472  1446  1524  1496  1539  1462  1498  1469  1547  1500  1401  1573  1546  1519  1611  1562  1507  1486  1506  
1535  1502  1520  1541  1495  1458  1495  1507  1521  1465  1494  1519  1476  1498  1495  1514  1550  1532  1492  1411  
1422  1522  1485  1519  1542  1514  1503  1503  1547  1457  1495  1493  1552  1496  1531  1485  1413  1553  1471  1437  
