1.19899
1495  1414  1571  1470  1510  1528  1483  1523  1544  1503  1507  1455  1426  1481  1537  1465  1454  1438  1449  1528  
1581  1543  1513  1484  1502  1502  1486  1521  1512  1480  1530  1498  1507  1512  1442  1440  1466  1418  1483  1447  
1542  1519  1618  1500  1526  1480  1472  1400  1530  1529  1437  1556  1479  1558  1517  1529  1508  1443  1483  1552  
1524  1443  1534  1558  1616  1465  1476  1521  1569  1583  1472  1469  1551  1470  1448  1552  1464  1452  1544  1615  
1595  1497  1507  1473  1527  1452  1538  1485  1496  1506  1545  1570  1504  1442  1521  1512  1518  1451  1440  1456  
1509  1471  1420  1541  1428  1527  1431  1511  1469  1514  1502  1466  1544  1487  1527  1400  1497  1541  1454  1485  
1478  1480  1554  1475  1490  1558  1531  1539  1557  1474  1488  1465  1548  1500  1541  1521  1500  1424  1489  1495  
1557  1647  1523  1579  1518  1447  1453  1494  1507  1562  1509  1507  1499  1483  1472  1544  1435  1525  1483  1481  
1528  1441  1502  1496  1461  1560  1460  1503  1575  1500  1556  1494  1522  1519  1530  1506  1489  1465  1455  1527  
1509  1400  1486  1515  1486  1544  1445  1463  1489  1502  1457  1572  1468  1613  1518  1469  1405  1502  1551  1445  
1474  1471  1565  1520  1476  1516  1491  1415  1583  1476  1563  1507  1527  1547  1585  1551  1530  1414  1478  1503  
1433  1503  1486  1487  1478  1554  1480  1485  1478  1500  1508  1603  1347  1512  1418  1408  1464  1470  1475  1568  
1507  1462  1556  1436  1448  1491  1451  1493  1497  1513  1464  1500  1506  1511  1501  1501  1480  1496  1547  1486  
1477  1468  1532  1439  1468  1493  1466  1534  1457  1423  1498  1535  1480  1478  1497  1455  1449  1493  1506  1502  
1563  1578  1505  1483  1544  1461  1532  1510  1525  1496  1489  1522  1493  1538  1529  1494  1506  1484  1439  1484  
1496  1551  1461  1521  1521  1469  1467  1534  1528  1470  1541  1504  1510  1521  1586  1510  1455  1541  1481  1441  
1455  1514  1555  1468  1525  1501  1457  1465  1354  1437  1467  1480  1464  1476  1545  1525  1518  1570  1518  1468  
1469  1478  1519  1504  1479  1505  1556  1482  1523  1438  1524  1445  1534  1497  1493  1505  1482  1486  1489  1501  
1488  1544  1428  1472  1474  1564  1411  1495  1524  1442  1511  1578  1537  1534  1581  1469  1541  1544  1501  1480  
1539  1480  1562  1485  1536  1471  1533  1509  1524  1496  1488  1490  1471  1498  1509  1523  1472  1480  1514  1548  
