1.20065
1492  1474  1524  1459  1524  1413  1489  1447  1514  1527  1567  1569  1451  1528  1474  1563  1472  1515  1488  1475  
1519  1458  1418  1416  1538  1470  1547  1504  1453  1471  1521  1535  1555  1554  1575  1484  1555  1581  1499  1500  
1455  1463  1505  1549  1496  1451  1586  1502  1561  1475  1447  1491  1480  1510  1456  1451  1465  1471  1469  1464  
1503  1488  1484  1517  1511  1448  1466  1461  1528  1507  1536  1483  1515  1495  1455  1463  1549  1450  1444  1543  
1457  1416  1482  1474  1451  1510  1558  1517  1518  1559  1507  1539  1517  1559  1609  1511  1508  1530  1551  1506  
1512  1535  1449  1501  1468  1467  1384  1513  1516  1551  1507  1531  1563  1485  1537  1484  1482  1507  1539  1526  
1513  1429  1463  1494  1490  1531  1458  1494  1521  1482  1533  1564  1559  1550  1527  1436  1523  1514  1477  1480  
1497  1530  1555  1490  1508  1442  1486  1515  1545  1504  1487  1552  1475  1508  1461  1562  1519  1464  1547  1455  
1498  1531  1558  1453  1478  1579  1539  1487  1428  1546  1472  1424  1514  1492  1576  1519  1494  1475  1450  1482  
1422  1468  1408  1386  1458  1522  1457  1437  1483  1558  1446  1551  1541  1451  1518  1451  1569  1499  1481  1549  
1499  1529  1539  1524  1511  1525  1489  1530  1499  1453  1462  1494  1523  1499  1475  1530  1480  1464  1403  1514  
1492  1527  1464  1525  1553  1473  1512  1433  1470  1514  1497  1558  1484  1543  1515  1449  1512  1490  1424  1522  
1515  1435  1421  1443  1532  1483  1547  1477  1559  1538  1540  1561  1480  1509  1462  1483  1460  1541  1565  1487  
1461  1479  1453  1421  1555  1428  1546  1540  1559  1532  1508  1466  1534  1431  1498  1519  1475  1424  1506  1465  
1477  1555  1497  1529  1552  1425  1522  1461  1497  1476  1436  1603  1576  1547  1445  1508  1509  1542  1525  1526  
1545  1439  1468  1543  1531  1566  1464  1480  1544  1481  1596  1529  1504  1472  1511  1481  1416  1488  1536  1476  
1574  1429  1510  1478  1475  1485  1562  1510  1542  1425  1407  1498  1525  1478  1551  1550  1471  1454  1502  1550  
1599  1503  1570  1503  1532  1473  1468  1421  1530  1449  1542  1442  1531  1539  1493  1483  1568  1550  1461  1491  
1486  1527  1509  1500  1477  1504  1471  1558  1483  1489  1448  1582  1461  1509  1421  1505  1585  1530  1597  1465  
1517  1513  1467  1477  1557  1527  1476  1498  1524  1449  1491  1456  1513  1475  1475  1501  1508  1582  1438  1472  
