1.20093
1505  1561  1551  1498  1479  1505  1445  1501  1489  1531  1479  1573  1479  1482  1431  1466  1449  1509  1510  1397  
1496  1531  1576  1534  1523  1507  1485  1469  1566  1523  1508  1497  1498  1489  1523  1451  1440  1533  1487  1572  
1507  1488  1517  1382  1507  1478  1512  1487  1475  1496  1580  1537  1535  1575  1473  1418  1544  1542  1538  1514  
1555  1440  1477  1441  1477  1513  1516  1476  1538  1426  1438  1498  1546  1425  1453  1532  1421  1522  1485  1574  
1515  1524  1464  1474  1475  1471  1527  1405  1462  1538  1562  1542  1507  1539  1507  1432  1476  1504  1523  1512  
1601  1531  1490  1512  1518  1521  1484  1457  1508  1516  1422  1581  1502  1460  1535  1543  1440  1487  1525  1513  
1445  1422  1544  1491  1531  1565  1520  1456  1456  1485  1489  1470  1465  1476  1498  1465  1485  1559  1560  1538  
1556  1480  1542  1493  1431  1497  1534  1561  1530  1446  1469  1557  1499  1567  1447  1465  1445  1510  1542  1503  
1520  1466  1542  1476  1521  1468  1526  1564  1524  1563  1513  1498  1505  1507  1401  1624  1512  1580  1483  1548  
1482  1462  1505  1566  1431  1496  1502  1461  1488  1511  1431  1554  1542  1464  1446  1593  1460  1492  1528  1501  
1541  1468  1523  1491  1489  1522  1540  1487  1465  1478  1424  1563  1475  1557  1619  1533  1558  1518  1454  1429  
1523  1479  1497  1484  1571  1410  1471  1530  1512  1597  1428  1497  1449  1531  1545  1547  1474  1506  1545  1463  
1525  1556  1510  1582  1494  1471  1516  1445  1520  1458  1508  1531  1536  1521  1546  1519  1468  1516  1559  1463  
1450  1540  1398  1542  1484  1491  1469  1546  1504  1472  1509  1469  1492  1513  1519  1515  1444  1439  1444  1495  
1458  1469  1413  1496  1427  1505  1425  1487  1487  1458  1560  1516  1469  1505  1540  1451  1521  1538  1516  1527  
1486  1514  1508  1475  1519  1611  1439  1566  1511  1463  1499  1442  1521  1482  1457  1505  1490  1435  1479  1466  
1513  1502  1536  1452  1523  1461  1528  1471  1538  1532  1523  1552  1520  1534  1544  1412  1557  1538  1446  1472  
1480  1500  1505  1411  1524  1538  1534  1563  1542  1429  1449  1495  1516  1458  1495  1517  1475  1494  1429  1537  
1419  1509  1496  1371  1474  1530  1523  1508  1577  1537  1561  1493  1551  1513  1480  1531  1453  1484  1445  1446  
1515  1472  1462  1511  1531  1552  1491  1481  1559  1539  1534  1483  1584  1447  1484  1504  1509  1444  1477  1432  
