1.20049
1538  1514  1530  1515  1556  1448  1487  1496  1500  1525  1416  1517  1557  1611  1528  1585  1526  1468  1507  1469  
1487  1515  1505  1412  1527  1519  1425  1453  1474  1495  1542  1472  1438  1527  1490  1531  1541  1521  1460  1442  
1454  1506  1527  1463  1470  1561  1456  1519  1562  1522  1383  1524  1472  1504  1584  1564  1560  1490  1473  1476  
1483  1551  1518  1470  1394  1527  1470  1445  1494  1500  1479  1526  1449  1508  1516  1515  1512  1513  1470  1514  
1550  1519  1498  1433  1479  1497  1504  1468  1490  1525  1453  1497  1459  1485  1606  1501  1529  1558  1448  1429  
1519  1568  1403  1519  1484  1456  1482  1498  1487  1488  1481  1484  1539  1576  1521  1478  1556  1514  1494  1557  
1501  1487  1484  1485  1526  1487  1459  1525  1532  1553  1462  1445  1469  1466  1518  1414  1492  1530  1560  1556  
1544  1531  1536  1487  1584  1464  1522  1500  1561  1554  1507  1421  1520  1431  1498  1474  1471  1476  1511  1492  
1450  1508  1475  1453  1514  1582  1552  1463  1557  1570  1451  1531  1454  1527  1543  1436  1491  1453  1504  1520  
1579  1496  1482  1594  1530  1425  1484  1535  1531  1452  1499  1381  1513  1578  1492  1474  1482  1509  1488  1503  
1557  1408  1466  1500  1461  1468  1512  1557  1524  1452  1525  1526  1402  1506  1443  1472  1498  1442  1499  1529  
1532  1448  1501  1493  1510  1504  1482  1488  1549  1584  1628  1494  1472  1437  1452  1517  1544  1431  1503  1549  
1450  1465  1516  1431  1505  1583  1457  1473  1520  1570  1530  1463  1577  1582  1519  1514  1503  1498  1581  1505  
1463  1518  1521  1558  1488  1470  1511  1515  1452  1468  1492  1474  1444  1578  1511  1482  1473  1474  1551  1509  
1473  1453  1553  1488  1469  1460  1542  1530  1470  1480  1487  1589  1471  1470  1469  1517  1429  1533  1530  1487  
1492  1493  1443  1544  1505  1474  1543  1448  1524  1500  1446  1509  1472  1487  1417  1561  1494  1513  1507  1621  
1402  1523  1499  1616  1488  1448  1443  1509  1484  1455  1465  1550  1446  1497  1591  1467  1518  1468  1438  1428  
1578  1500  1497  1493  1527  1460  1451  1460  1564  1499  1403  1531  1573  1520  1480  1535  1499  1507  1445  1476  
1487  1495  1532  1577  1520  1449  1505  1516  1441  1494  1460  1544  1550  1459  1478  1478  1489  1520  1469  1562  
1461  1499  1434  1513  1463  1524  1448  1497  1492  1504  1488  1540  1497  1433  1582  1530  1497  1516  1482  1448  
