1.20104
1557  1526  1527  1511  1551  1526  1517  1514  1491  1490  1535  1489  1560  1444  1563  1490  1499  1504  1442  1482  
1458  1483  1413  1469  1503  1487  1543  1522  1523  1408  1565  1568  1463  1554  1452  1558  1576  1531  1529  1435  
1469  1475  1513  1449  1497  1535  1419  1442  1561  1511  1536  1536  1513  1501  1501  1435  1507  1407  1514  1440  
1543  1448  1504  1480  1469  1493  1520  1517  1525  1524  1522  1485  1501  1526  1457  1506  1501  1543  1458  1584  
1491  1489  1475  1360  1505  1528  1569  1595  1516  1464  1507  1522  1531  1453  1454  1465  1489  1604  1523  1568  
1485  1495  1480  1469  1486  1459  1414  1528  1485  1521  1539  1489  1506  1499  1441  1529  1469  1499  1553  1542  
1497  1470  1565  1403  1472  1536  1441  1532  1561  1504  1458  1535  1530  1590  1567  1496  1486  1511  1475  1442  
1445  1520  1501  1503  1466  1498  1526  1479  1483  1480  1542  1556  1504  1470  1490  1474  1410  1482  1455  1492  
1544  1512  1544  1533  1477  1576  1490  1471  1467  1585  1558  1578  1562  1508  1536  1592  1482  1523  1486  1427  
1440  1578  1378  1481  1532  1517  1447  1518  1432  1545  1449  1548  1465  1490  1494  1476  1452  1487  1497  1509  
1498  1498  1458  1504  1476  1489  1457  1491  1531  1475  1481  1543  1499  1526  1537  1453  1539  1560  1448  1536  
1481  1471  1515  1382  1506  1428  1538  1513  1541  1544  1540  1534  1507  1574  1469  1481  1457  1460  1522  1475  
1470  1406  1515  1438  1473  1510  1571  1501  1397  1535  1596  1494  1539  1443  1419  1489  1513  1509  1510  1482  
1524  1484  1447  1424  1480  1487  1535  1541  1532  1484  1517  1550  1550  1529  1590  1557  1424  1477  1484  1446  
1464  1532  1507  1518  1543  1539  1508  1520  1565  1445  1436  1608  1525  1544  1448  1454  1415  1484  1485  1596  
1392  1462  1528  1477  1513  1459  1452  1469  1479  1475  1552  1425  1504  1436  1477  1513  1536  1521  1515  1503  
1532  1469  1576  1524  1529  1453  1587  1483  1561  1518  1527  1457  1419  1510  1458  1544  1519  1465  1499  1561  
1541  1501  1560  1518  1424  1539  1466  1490  1543  1534  1471  1413  1463  1474  1460  1473  1552  1488  1563  1548  
1481  1499  1477  1512  1493  1484  1568  1550  1492  1492  1460  1483  1537  1503  1527  1466  1512  1493  1541  1527  
1530  1490  1459  1464  1545  1545  1510  1482  1577  1517  1534  1523  1467  1448  1550  1546  1562  1457  1541  1468  
