1.19937
1492  1549  1539  1567  1576  1544  1399  1418  1540  1554  1498  1556  1492  1517  1487  1559  1550  1512  1591  1414  
1505  1570  1501  1514  1513  1455  1488  1518  1424  1500  1469  1460  1497  1540  1530  1433  1555  1454  1467  1480  
1534  1494  1439  1491  1512  1552  1485  1490  1457  1502  1500  1493  1485  1517  1460  1520  1569  1521  1468  1476  
1559  1568  1408  1512  1476  1417  1458  1404  1523  1509  1503  1505  1462  1528  1533  1530  1483  1532  1434  1487  
1427  1529  1550  1504  1444  1522  1515  1512  1469  1537  1495  1532  1471  1470  1398  1610  1467  1554  1537  1482  
1499  1550  1490  1495  1511  1485  1531  1505  1487  1460  1510  1490  1491  1595  1468  1502  1545  1525  1473  1515  
1554  1454  1529  1552  1578  1444  1483  1466  1533  1469  1495  1530  1491  1519  1531  1471  1490  1481  1544  1484  
1519  1519  1433  1532  1549  1487  1517  1473  1534  1460  1491  1522  1588  1495  1579  1460  1526  1495  1517  1542  
1452  1511  1540  1481  1536  1489  1544  1501  1527  1559  1499  1446  1491  1485  1435  1537  1483  1515  1522  1431  
1544  1501  1544  1451  1498  1485  1532  1511  1561  1415  1496  1565  1513  1542  1586  1449  1474  1460  1477  1512  
1528  1427  1471  1517  1464  1560  1526  1465  1499  1480  1461  1496  1535  1517  1535  1492  1441  1486  1481  1484  
1539  1506  1509  1451  1465  1492  1477  1461  1556  1443  1481  1516  1518  1429  1493  1547  1501  1536  1564  1434  
1422  1418  1482  1496  1551  1538  1484  1472  1449  1464  1443  1515  1587  1546  1549  1488  1527  1419  1538  1516  
1415  1548  1553  1476  1527  1511  1404  1528  1518  1551  1561  1502  1513  1597  1533  1467  1464  1481  1539  1512  
1499  1487  1571  1467  1378  1468  1492  1475  1409  1474  1525  1517  1472  1493  1441  1453  1517  1530  1493  1557  
1510  1515  1483  1564  1558  1499  1481  1447  1529  1457  1480  1508  1550  1526  1496  1479  1492  1450  1548  1513  
1514  1523  1576  1448  1518  1483  1381  1479  1495  1517  1487  1513  1477  1494  1555  1534  1449  1541  1462  1537  
1533  1566  1541  1513  1515  1536  1505  1477  1569  1467  1464  1458  1481  1526  1488  1534  1562  1481  1535  1460  
1593  1529  1520  1457  1478  1514  1482  1470  1476  1513  1488  1487  1534  1525  1481  1506  1481  1521  1499  1479  
1531  1424  1459  1432  1448  1427  1484  1467  1427  1472  1454  1577  1559  1478  1469  1494  1543  1557  1585  1475  
