1.19848
1470  1409  1448  1486  1479  1439  1481  1494  1523  1532  1491  1441  1537  1487  1549  1466  1408  1489  1421  1525  
1545  1466  1457  1460  1474  1505  1570  1457  1434  1525  1572  1489  1499  1426  1507  1516  1521  1444  1563  1559  
1466  1492  1494  1471  1463  1525  1458  1456  1500  1515  1577  1445  1515  1512  1449  1465  1508  1477  1480  1504  
1497  1487  1464  1512  1419  1497  1475  1519  1473  1472  1524  1513  1526  1522  1473  1524  1483  1451  1510  1459  
1452  1484  1517  1474  1456  1511  1504  1483  1528  1531  1551  1539  1519  1531  1609  1579  1572  1438  1507  1511  
1473  1456  1508  1533  1447  1564  1466  1507  1479  1566  1591  1545  1498  1550  1528  1510  1555  1540  1497  1517  
1492  1502  1473  1475  1484  1546  1508  1477  1453  1443  1530  1553  1467  1480  1568  1515  1519  1468  1498  1511  
1414  1431  1435  1566  1501  1503  1456  1503  1439  1483  1503  1521  1445  1552  1528  1499  1556  1476  1520  1471  
1475  1440  1464  1402  1453  1492  1522  1486  1523  1544  1433  1544  1581  1452  1475  1496  1511  1511  1518  1487  
1483  1602  1502  1510  1472  1479  1490  1484  1463  1536  1520  1552  1567  1537  1553  1532  1460  1472  1545  1528  
1620  1521  1488  1550  1503  1392  1459  1483  1522  1401  1497  1497  1442  1504  1482  1503  1504  1575  1556  1483  
1546  1454  1499  1451  1433  1444  1521  1524  1543  1516  1476  1496  1525  1467  1437  1487  1486  1529  1522  1480  
1487  1521  1509  1496  1514  1406  1543  1497  1506  1462  1455  1496  1508  1520  1566  1460  1476  1473  1441  1528  
1493  1470  1499  1440  1551  1398  1477  1547  1428  1564  1428  1439  1497  1460  1505  1450  1535  1458  1478  1514  
1497  1470  1564  1469  1432  1539  1485  1438  1547  1441  1447  1443  1551  1446  1454  1529  1450  1507  1511  1575  
1497  1569  1489  1489  1497  1533  1413  1510  1546  1491  1504  1529  1488  1556  1492  1567  1452  1577  1495  1554  
1533  1472  1502  1503  1526  1538  1554  1430  1497  1577  1491  1437  1472  1530  1452  1445  1585  1559  1493  1519  
1505  1541  1580  1507  1519  1568  1520  1459  1505  1522  1579  1550  1476  1430  1485  1431  1446  1506  1486  1532  
1492  1523  1502  1506  1489  1557  1479  1532  1500  1472  1479  1590  1500  1486  1458  1498  1486  1534  1480  1475  
1452  1522  1517  1569  1441  1436  1498  1488  1495  1503  1444  1456  1531  1566  1574  1512  1527  1490  1579  1456  
