1.1976
1449  1522  1580  1523  1513  1533  1616  1543  1472  1552  1433  1484  1485  1401  1534  1443  1495  1501  1519  1488  
1510  1484  1532  1511  1458  1418  1467  1457  1541  1477  1436  1429  1479  1518  1580  1488  1494  1450  1422  1561  
1419  1510  1495  1526  1480  1459  1500  1543  1532  1559  1435  1502  1474  1543  1411  1464  1464  1522  1586  1542  
1457  1439  1516  1481  1578  1577  1443  1464  1475  1518  1520  1527  1470  1472  1475  1488  1530  1455  1478  1472  
1517  1477  1518  1455  1540  1533  1459  1430  1542  1472  1479  1512  1444  1425  1556  1460  1463  1498  1541  1513  
1508  1463  1496  1532  1556  1534  1467  1550  1536  1546  1522  1494  1484  1507  1459  1448  1443  1473  1499  1551  
1473  1491  1457  1481  1522  1475  1502  1552  1507  1501  1525  1537  1491  1440  1494  1500  1514  1474  1536  1482  
1419  1520  1531  1486  1449  1518  1522  1448  1458  1508  1555  1576  1522  1498  1551  1474  1423  1470  1411  1503  
1470  1500  1523  1553  1547  1451  1523  1526  1458  1519  1512  1465  1437  1422  1454  1500  1552  1486  1462  1485  
1485  1508  1471  1575  1548  1488  1420  1530  1514  1490  1493  1512  1445  1487  1482  1456  1393  1557  1510  1446  
1472  1451  1498  1552  1431  1546  1547  1532  1426  1453  1418  1569  1481  1515  1485  1497  1508  1556  1472  1490  
1493  1492  1549  1564  1466  1492  1546  1442  1498  1496  1473  1513  1570  1487  1451  1508  1519  1472  1482  1561  
1517  1542  1547  1489  1544  1504  1481  1546  1504  1484  1468  1417  1497  1392  1472  1477  1505  1515  1509  1504  
1500  1458  1482  1522  1402  1542  1512  1486  1497  1503  1467  1457  1480  1475  1590  1460  1473  1452  1527  1494  
1578  1449  1438  1484  1487  1514  1516  1439  1466  1558  1451  1527  1466  1372  1448  1553  1453  1391  1477  1505  
1469  1468  1552  1558  1446  1506  1501  1470  1546  1560  1496  1470  1524  1522  1553  1460  1518  1475  1478  1493  
1590  1599  1484  1611  1511  1564  1613  1583  1560  1480  1526  1491  1507  1548  1485  1535  1523  1558  1464  1477  
1506  1523  1457  1433  1506  1527  1518  1527  1513  1474  1525  1484  1494  1507  1461  1550  1502  1522  1519  1512  
1485  1475  1590  1457  1495  1458  1465  1533  1517  1525  1555  1526  1510  1590  1579  1471  1505  1499  1464  1484  
1484  1554  1573  1492  1439  1465  1479  1561  1523  1535  1435  1440  1500  1445  1542  1479  1524  1495  1516  1428  
