1.19063
1466  1529  1478  1447  1445  1502  1417  1506  1529  1394  1510  1499  1485  1545  1437  1486  1515  1431  1507  1543  
1523  1516  1426  1443  1465  1407  1509  1447  1422  1460  1478  1417  1456  1441  1510  1492  1458  1440  1398  1404  
1465  1456  1528  1488  1489  1519  1523  1547  1507  1417  1470  1485  1514  1450  1509  1489  1506  1440  1444  1541  
1526  1493  1427  1443  1489  1480  1531  1456  1462  1549  1414  1502  1523  1476  1471  1569  1500  1324  1451  1507  
1469  1497  1420  1478  1509  1474  1425  1519  1538  1506  1533  1457  1582  1510  1464  1560  1439  1418  1582  1533  
1407  1447  1504  1514  1536  1460  1509  1535  1496  1522  1475  1479  1560  1486  1495  1448  1420  1500  1439  1463  
1430  1465  1516  1569  1499  1470  1488  1482  1507  1488  1481  1581  1528  1483  1467  1557  1455  1458  1526  1464  
1430  1542  1474  1468  1581  1521  1472  1588  1494  1533  1455  1414  1485  1523  1542  1522  1431  1488  1535  1520  
1516  1431  1480  1484  1510  1473  1488  1540  1522  1595  1503  1467  1459  1459  1472  1426  1499  1497  1492  1549  
1432  1511  1469  1518  1472  1533  1506  1460  1577  1504  1560  1442  1490  1497  1482  1461  1491  1480  1549  1487  
1483  1538  1500  1478  1444  1575  1470  1572  1494  1480  1552  1488  1440  1517  1528  1495  1448  1538  1513  1516  
1463  1488  1471  1469  1513  1588  1509  1595  1552  1446  1494  1534  1591  1612  1572  1553  1501  1510  1555  1458  
1509  1391  1437  1522  1445  1481  1539  1515  1460  1638  1556  1480  1478  1603  1522  1492  1558  1484  1472  1488  
1409  1500  1501  1460  1516  1511  1505  1539  1473  1484  1527  1454  1506  1550  1481  1504  1474  1463  1529  1470  
1421  1529  1554  1431  1528  1577  1537  1517  1538  1569  1453  1494  1466  1496  1417  1454  1395  1448  1521  1490  
1577  1486  1492  1428  1481  1485  1584  1490  1552  1497  1502  1517  1481  1471  1484  1485  1537  1468  1477  1427  
1506  1512  1520  1486  1485  1515  1532  1514  1454  1497  1469  1509  1498  1460  1488  1548  1472  1460  1514  1460  
1477  1410  1533  1473  1456  1449  1420  1549  1566  1453  1467  1463  1442  1494  1437  1556  1484  1500  1384  1522  
1491  1503  1500  1516  1474  1445  1464  1544  1482  1506  1497  1454  1414  1440  1454  1508  1521  1501  1430  1415  
1524  1431  1327  1502  1414  1470  1508  1497  1593  1519  1533  1486  1516  1525  1517  1499  1509  1512  1556  1470  
