1.16447
1287  1284  1300  1353  1225  1340  1454  1411  1475  1405  1382  1356  1414  1384  1390  1407  1307  1268  1228  1293  
1332  1295  1228  1321  1285  1391  1385  1392  1375  1485  1439  1397  1456  1360  1392  1341  1269  1390  1353  1252  
1296  1307  1233  1343  1453  1336  1422  1444  1452  1458  1425  1448  1396  1520  1415  1392  1294  1420  1340  1271  
1262  1297  1324  1341  1347  1393  1441  1467  1500  1504  1560  1517  1446  1463  1462  1393  1399  1321  1236  1245  
1226  1333  1377  1333  1452  1521  1501  1555  1554  1532  1519  1640  1523  1488  1322  1365  1423  1319  1417  1397  
1361  1354  1428  1405  1435  1482  1534  1553  1457  1610  1536  1572  1521  1614  1506  1489  1448  1461  1393  1330  
1432  1414  1403  1437  1427  1632  1571  1547  1740  1724  1677  1748  1650  1577  1556  1443  1435  1425  1404  1341  
1464  1383  1363  1460  1530  1578  1576  1601  1711  1736  1723  1674  1659  1614  1545  1564  1440  1429  1474  1422  
1399  1448  1558  1552  1571  1560  1638  1746  1750  1743  1714  1726  1698  1622  1619  1558  1555  1457  1403  1371  
1447  1514  1410  1517  1567  1657  1666  1650  1736  1778  1683  1738  1646  1652  1601  1613  1514  1472  1429  1501  
1529  1399  1409  1539  1604  1627  1667  1731  1727  1784  1698  1859  1732  1553  1597  1545  1490  1551  1459  1441  
1400  1396  1455  1479  1554  1599  1578  1723  1771  1686  1689  1686  1628  1631  1632  1459  1466  1514  1437  1419  
1422  1442  1511  1525  1482  1536  1626  1716  1614  1758  1646  1730  1596  1660  1618  1554  1483  1320  1450  1374  
1307  1370  1371  1462  1442  1539  1604  1585  1599  1675  1588  1546  1564  1581  1562  1508  1449  1375  1411  1397  
1351  1422  1432  1405  1463  1445  1516  1598  1569  1675  1705  1634  1519  1517  1538  1415  1381  1440  1360  1383  
1342  1302  1450  1415  1469  1543  1544  1614  1485  1553  1526  1622  1505  1457  1414  1467  1357  1314  1282  1265  
1361  1352  1344  1350  1326  1457  1456  1444  1461  1510  1575  1520  1478  1443  1469  1350  1299  1344  1303  1241  
1373  1316  1338  1371  1305  1517  1450  1447  1488  1412  1448  1440  1468  1408  1390  1366  1353  1314  1328  1304  
1277  1269  1265  1305  1344  1390  1363  1409  1417  1459  1412  1458  1419  1371  1453  1320  1377  1325  1304  1304  
1308  1317  1327  1322  1362  1384  1412  1412  1366  1529  1401  1423  1421  1410  1329  1305  1359  1301  1315  1334  
