1.20031
1548  1554  1475  1441  1460  1406  1480  1445  1511  1512  1487  1501  1555  1452  1450  1500  1464  1529  1539  1472  
1507  1472  1545  1458  1504  1579  1466  1515  1533  1468  1504  1511  1558  1542  1453  1561  1464  1561  1481  1546  
1513  1473  1479  1405  1393  1495  1529  1489  1457  1477  1636  1504  1495  1437  1471  1479  1483  1454  1522  1505  
1572  1552  1532  1522  1590  1571  1471  1504  1560  1543  1439  1513  1471  1464  1501  1520  1403  1490  1445  1485  
1529  1572  1458  1508  1480  1460  1557  1507  1564  1470  1575  1473  1476  1516  1461  1554  1442  1521  1586  1533  
1450  1475  1466  1555  1478  1449  1593  1408  1439  1510  1514  1551  1453  1484  1475  1489  1473  1547  1498  1602  
1457  1535  1475  1470  1534  1587  1538  1571  1569  1498  1530  1534  1517  1441  1527  1529  1573  1502  1481  1538  
1429  1473  1546  1507  1520  1463  1449  1579  1529  1489  1522  1488  1443  1483  1521  1488  1484  1509  1485  1508  
1447  1529  1484  1510  1580  1558  1477  1432  1511  1513  1451  1530  1532  1478  1472  1548  1523  1392  1473  1431  
1500  1473  1491  1503  1521  1475  1442  1520  1499  1484  1536  1608  1500  1473  1519  1519  1441  1558  1427  1432  
1538  1464  1438  1537  1457  1440  1524  1454  1435  1553  1472  1470  1452  1564  1478  1537  1528  1523  1490  1489  
1539  1391  1568  1541  1543  1515  1479  1489  1554  1485  1469  1529  1446  1457  1456  1445  1447  1438  1559  1524  
1552  1500  1458  1520  1492  1506  1481  1602  1540  1493  1533  1500  1577  1504  1425  1495  1466  1493  1508  1520  
1455  1531  1498  1538  1552  1540  1438  1466  1496  1538  1525  1466  1476  1448  1463  1535  1570  1512  1523  1564  
1430  1432  1573  1470  1623  1564  1505  1544  1579  1521  1566  1568  1478  1480  1556  1530  1532  1481  1520  1497  
1525  1485  1521  1531  1471  1547  1470  1501  1464  1466  1525  1519  1517  1446  1521  1507  1455  1471  1538  1421  
1470  1505  1561  1517  1517  1452  1548  1507  1472  1522  1562  1482  1484  1403  1506  1426  1526  1410  1470  1517  
1500  1548  1544  1565  1491  1486  1528  1434  1534  1535  1449  1525  1504  1531  1514  1532  1540  1463  1526  1481  
1466  1530  1485  1426  1546  1464  1460  1508  1581  1529  1597  1506  1482  1509  1509  1484  1556  1378  1490  1511  
1532  1454  1460  1480  1460  1520  1497  1538  1523  1616  1437  1508  1469  1488  1451  1547  1413  1490  1466  1531  
