1.20095
1507  1434  1473  1521  1545  1488  1517  1489  1554  1483  1473  1555  1515  1497  1482  1505  1514  1501  1450  1556  
1509  1460  1535  1559  1576  1481  1464  1461  1480  1485  1567  1530  1493  1544  1540  1524  1500  1495  1419  1452  
1564  1573  1510  1418  1476  1461  1449  1471  1550  1409  1552  1519  1550  1492  1463  1462  1465  1482  1517  1542  
1499  1539  1472  1528  1454  1416  1568  1497  1487  1470  1490  1514  1479  1503  1486  1469  1406  1519  1527  1428  
1540  1532  1591  1446  1489  1498  1447  1511  1579  1563  1554  1505  1500  1453  1518  1554  1467  1455  1475  1520  
1514  1445  1553  1422  1458  1467  1572  1468  1537  1447  1453  1535  1477  1518  1495  1478  1514  1452  1493  1532  
1473  1475  1549  1490  1506  1463  1492  1486  1439  1510  1537  1596  1453  1458  1538  1466  1441  1439  1509  1536  
1532  1466  1442  1562  1463  1480  1437  1539  1508  1514  1548  1513  1433  1504  1573  1451  1587  1621  1457  1456  
1527  1530  1561  1526  1442  1463  1555  1596  1503  1418  1513  1516  1564  1502  1539  1485  1494  1531  1441  1477  
1450  1548  1470  1482  1498  1496  1574  1513  1478  1532  1464  1540  1476  1559  1512  1546  1543  1447  1570  1517  
1444  1533  1477  1437  1471  1486  1499  1548  1547  1490  1516  1563  1465  1511  1588  1552  1492  1497  1539  1472  
1461  1469  1483  1602  1503  1445  1536  1434  1445  1566  1461  1441  1489  1422  1441  1515  1540  1501  1516  1534  
1506  1482  1433  1529  1453  1504  1551  1559  1473  1492  1445  1458  1471  1527  1491  1497  1500  1489  1493  1546  
1453  1484  1512  1509  1486  1448  1555  1495  1484  1554  1467  1491  1474  1537  1427  1535  1504  1476  1392  1492  
1532  1596  1532  1569  1534  1512  1403  1511  1580  1521  1518  1500  1510  1592  1463  1526  1464  1587  1596  1518  
1489  1514  1490  1520  1564  1455  1518  1483  1538  1475  1438  1546  1483  1433  1542  1517  1566  1469  1460  1488  
1517  1563  1535  1545  1480  1524  1524  1480  1409  1480  1525  1532  1521  1440  1578  1453  1461  1504  1538  1497  
1512  1485  1484  1558  1498  1457  1507  1522  1546  1490  1464  1569  1450  1449  1530  1501  1532  1467  1444  1441  
1512  1565  1527  1476  1568  1493  1506  1499  1529  1466  1513  1545  1501  1576  1487  1525  1492  1535  1351  1510  
1544  1504  1582  1591  1475  1516  1538  1559  1528  1495  1453  1504  1439  1555  1499  1487  1535  1470  1478  1505  
