1.20081
1524  1507  1486  1447  1463  1483  1501  1465  1446  1448  1477  1440  1487  1459  1539  1548  1485  1543  1481  1518  
1578  1488  1424  1491  1514  1528  1498  1484  1484  1537  1510  1549  1510  1463  1548  1361  1504  1567  1539  1486  
1484  1501  1514  1470  1470  1513  1451  1545  1499  1489  1434  1531  1523  1526  1450  1472  1386  1509  1502  1497  
1565  1568  1493  1562  1496  1526  1530  1443  1516  1544  1496  1505  1400  1460  1514  1467  1476  1464  1475  1453  
1494  1448  1450  1452  1553  1530  1518  1556  1474  1491  1467  1516  1553  1533  1507  1495  1538  1502  1418  1531  
1474  1516  1603  1525  1517  1495  1519  1479  1529  1499  1423  1492  1518  1464  1467  1472  1513  1523  1558  1495  
1446  1510  1504  1577  1431  1519  1442  1495  1504  1541  1459  1472  1446  1503  1427  1499  1467  1576  1426  1502  
1504  1443  1491  1601  1499  1476  1512  1505  1594  1551  1522  1454  1500  1524  1538  1444  1452  1455  1557  1484  
1537  1532  1537  1502  1430  1442  1414  1450  1545  1508  1471  1432  1491  1543  1516  1468  1528  1513  1537  1479  
1480  1497  1520  1513  1554  1572  1484  1518  1472  1637  1478  1469  1509  1485  1560  1532  1529  1565  1488  1523  
1477  1495  1496  1488  1442  1556  1468  1464  1444  1512  1551  1487  1464  1484  1490  1474  1513  1482  1512  1535  
1543  1503  1526  1549  1508  1601  1480  1533  1457  1415  1532  1506  1417  1517  1608  1539  1590  1494  1449  1478  
1511  1541  1495  1555  1468  1472  1493  1490  1517  1482  1492  1504  1501  1495  1488  1471  1488  1475  1508  1515  
1536  1601  1484  1517  1535  1562  1548  1565  1555  1572  1507  1500  1581  1545  1533  1491  1554  1444  1511  1595  
1527  1463  1492  1495  1572  1566  1420  1540  1529  1461  1519  1531  1543  1452  1519  1528  1482  1508  1572  1480  
1423  1584  1441  1515  1519  1466  1507  1547  1489  1485  1543  1445  1576  1445  1416  1505  1535  1502  1580  1427  
1573  1497  1503  1571  1539  1453  1436  1522  1460  1451  1486  1488  1461  1469  1500  1491  1500  1492  1472  1401  
1468  1509  1595  1549  1505  1531  1463  1428  1491  1502  1530  1522  1504  1462  1520  1508  1496  1531  1512  1480  
1509  1469  1469  1461  1449  1604  1422  1499  1522  1521  1490  1504  1528  1528  1551  1572  1511  1517  1597  1488  
1458  1424  1521  1505  1534  1477  1532  1496  1521  1486  1555  1450  1449  1454  1523  1510  1483  1513  1558  1473  
