1.19948
1440  1522  1561  1509  1506  1531  1469  1483  1526  1522  1493  1478  1492  1462  1475  1450  1455  1524  1452  1418  
1565  1498  1500  1445  1459  1550  1432  1502  1576  1423  1455  1561  1411  1484  1480  1549  1429  1375  1381  1499  
1507  1515  1512  1557  1510  1491  1447  1554  1521  1426  1522  1607  1457  1447  1499  1468  1492  1475  1559  1535  
1564  1504  1464  1586  1482  1509  1517  1533  1526  1620  1480  1493  1501  1566  1497  1485  1502  1521  1492  1480  
1558  1515  1586  1564  1502  1500  1553  1491  1500  1555  1436  1528  1501  1419  1596  1455  1503  1484  1411  1509  
1437  1467  1498  1525  1533  1518  1507  1533  1429  1466  1461  1493  1586  1505  1544  1558  1503  1461  1518  1485  
1566  1513  1491  1554  1491  1505  1526  1524  1537  1442  1567  1537  1528  1484  1512  1511  1450  1435  1424  1439  
1502  1483  1511  1497  1532  1511  1568  1476  1440  1539  1518  1410  1453  1534  1491  1491  1432  1469  1467  1527  
1519  1534  1483  1441  1459  1442  1444  1458  1468  1574  1498  1484  1523  1570  1537  1480  1464  1529  1519  1567  
1557  1426  1496  1603  1446  1530  1424  1524  1472  1404  1515  1540  1436  1555  1448  1436  1542  1405  1526  1439  
1489  1460  1535  1515  1510  1584  1499  1494  1476  1496  1507  1503  1532  1492  1491  1548  1508  1427  1403  1396  
1427  1536  1502  1486  1510  1487  1563  1535  1508  1504  1514  1502  1488  1577  1494  1471  1496  1565  1496  1475  
1444  1484  1470  1530  1541  1424  1486  1499  1517  1510  1532  1495  1546  1491  1472  1474  1457  1474  1485  1447  
1521  1462  1521  1504  1594  1488  1546  1548  1487  1458  1554  1503  1526  1466  1504  1519  1561  1543  1451  1499  
1390  1510  1551  1498  1487  1456  1451  1521  1488  1518  1427  1449  1488  1560  1469  1471  1515  1509  1607  1431  
1449  1524  1473  1456  1561  1482  1495  1478  1470  1514  1508  1480  1508  1485  1499  1456  1473  1528  1568  1531  
1531  1462  1495  1528  1507  1491  1467  1526  1517  1423  1515  1451  1517  1455  1504  1522  1470  1555  1497  1492  
1527  1551  1446  1467  1531  1543  1534  1501  1488  1533  1469  1514  1516  1435  1536  1513  1460  1545  1522  1474  
1550  1548  1498  1425  1526  1474  1456  1494  1559  1482  1475  1551  1508  1478  1519  1442  1497  1441  1476  1569  
1543  1517  1531  1574  1498  1427  1567  1426  1451  1521  1481  1459  1568  1511  1526  1508  1537  1544  1488  1473  
