1.04989
176  182  224  233  259  276  284  351  362  339  374  344  353  302  283  287  211  204  197  228  
197  197  208  275  267  308  384  375  461  427  396  447  365  327  321  270  239  212  200  203  
218  224  201  286  304  378  416  476  492  516  477  508  514  461  402  331  261  260  252  187  
239  234  284  326  369  445  533  566  711  712  767  626  640  513  401  352  330  293  246  246  
240  284  324  389  419  601  710  768  913  1003  942  922  830  735  519  473  352  312  244  269  
259  323  391  470  590  703  934  1149  1374  1632  1628  1463  1269  996  701  623  487  357  346  279  
310  333  375  508  732  998  1403  1862  2437  2747  2720  2322  1836  1283  1024  680  519  434  361  330  
326  386  493  588  825  1259  1866  2861  4712  5730  5551  4711  2899  1870  1200  866  584  485  369  330  
369  409  487  685  927  1497  2273  4643  9991  12131  12113  10196  4719  2406  1524  960  692  527  393  326  
354  465  498  698  1000  1601  2658  5714  12281  14673  14561  12224  5579  2710  1616  1034  703  521  404  388  
347  411  540  698  996  1645  2706  5499  11893  14495  14446  12101  5417  2721  1530  1009  710  504  443  346  
352  373  521  681  929  1524  2409  4713  10217  12316  12139  10201  4738  2471  1477  959  612  537  419  359  
317  364  488  601  855  1191  1864  3143  4572  5396  5471  4583  3084  1895  1185  913  594  495  360  347  
347  357  410  512  689  935  1394  1878  2389  2645  2727  2493  1849  1324  908  712  512  414  369  305  
306  316  336  452  540  721  914  1257  1466  1615  1668  1484  1204  927  701  559  405  362  299  301  
271  298  309  369  441  539  748  836  982  1095  1045  955  876  756  547  417  335  349  252  233  
219  218  289  323  360  451  539  594  698  714  685  669  644  518  460  355  314  282  275  242  
191  226  257  276  315  318  373  461  472  506  548  465  473  403  386  295  279  229  227  188  
224  193  221  263  307  268  326  422  392  419  441  437  352  325  295  259  290  226  197  213  
184  205  199  239  266  295  340  330  364  371  367  350  300  315  281  286  224  225  191  186  
