1.20098
1547  1454  1543  1559  1467  1533  1476  1498  1497  1470  1511  1470  1538  1435  1501  1463  1591  1527  1498  1447  
1536  1457  1463  1524  1542  1603  1419  1463  1482  1504  1483  1564  1498  1527  1549  1472  1583  1464  1535  1436  
1617  1464  1500  1414  1584  1480  1490  1524  1502  1470  1463  1503  1487  1500  1484  1431  1501  1537  1481  1481  
1498  1475  1474  1519  1520  1485  1527  1551  1458  1488  1541  1501  1575  1477  1524  1530  1556  1476  1497  1450  
1491  1461  1464  1477  1500  1505  1533  1476  1493  1525  1543  1600  1504  1579  1509  1467  1438  1499  1435  1541  
1537  1509  1443  1474  1470  1581  1563  1468  1481  1533  1457  1522  1446  1501  1509  1483  1456  1524  1496  1482  
1501  1542  1541  1484  1523  1491  1516  1468  1454  1525  1604  1523  1593  1448  1476  1463  1530  1498  1421  1442  
1551  1483  1537  1448  1488  1488  1522  1559  1528  1492  1456  1566  1523  1567  1572  1549  1550  1555  1486  1532  
1531  1477  1506  1464  1472  1424  1442  1543  1448  1547  1493  1450  1501  1501  1470  1468  1413  1536  1512  1492  
1442  1484  1462  1488  1487  1455  1498  1554  1529  1511  1527  1521  1463  1490  1443  1528  1453  1531  1466  1542  
1491  1475  1547  1480  1490  1535  1434  1616  1532  1523  1446  1540  1416  1540  1484  1466  1487  1457  1445  1524  
1428  1499  1495  1520  1525  1606  1467  1509  1488  1488  1501  1482  1524  1488  1477  1571  1493  1506  1543  1593  
1522  1549  1546  1541  1475  1539  1554  1578  1435  1527  1630  1541  1487  1559  1537  1514  1489  1525  1542  1492  
1436  1470  1507  1526  1496  1506  1456  1494  1562  1461  1392  1512  1479  1507  1532  1597  1506  1494  1488  1442  
1494  1493  1456  1478  1501  1514  1508  1478  1479  1466  1513  1526  1429  1445  1577  1472  1388  1543  1523  1508  
1492  1513  1501  1500  1510  1522  1494  1459  1512  1427  1453  1458  1485  1511  1536  1525  1499  1528  1450  1482  
1498  1504  1563  1540  1501  1456  1502  1506  1459  1514  1531  1479  1565  1576  1458  1452  1500  1528  1525  1491  
1500  1465  1483  1433  1493  1493  1506  1516  1479  1547  1444  1500  1482  1524  1496  1539  1518  1498  1508  1490  
1410  1496  1510  1450  1505  1544  1485  1507  1491  1480  1525  1549  1521  1558  1494  1490  1492  1481  1485  1418  
1470  1444  1539  1490  1543  1558  1551  1453  1475  1603  1545  1455  1502  1457  1567  1529  1470  1461  1521  1458  
