1.19933
1542  1559  1413  1438  1470  1522  1412  1421  1488  1454  1424  1492  1464  1501  1505  1508  1443  1405  1494  1455  
1464  1558  1532  1551  1499  1527  1508  1425  1511  1516  1494  1435  1460  1488  1558  1554  1436  1500  1517  1442  
1503  1507  1526  1516  1493  1483  1550  1520  1536  1550  1447  1439  1476  1520  1537  1549  1506  1454  1381  1494  
1500  1539  1548  1580  1467  1530  1522  1475  1481  1559  1553  1506  1464  1474  1488  1409  1553  1532  1452  1467  
1484  1501  1523  1495  1511  1486  1517  1559  1536  1539  1552  1511  1510  1435  1479  1483  1466  1463  1495  1431  
1486  1488  1562  1525  1463  1492  1506  1550  1511  1465  1471  1547  1570  1471  1468  1561  1531  1521  1601  1510  
1501  1458  1472  1518  1433  1507  1569  1591  1494  1520  1525  1423  1553  1544  1455  1452  1461  1443  1440  1593  
1450  1393  1429  1477  1538  1457  1489  1464  1464  1521  1578  1507  1483  1570  1488  1532  1456  1470  1535  1475  
1465  1526  1516  1465  1534  1500  1504  1529  1475  1499  1450  1578  1537  1503  1524  1583  1507  1442  1517  1462  
1400  1447  1467  1523  1475  1543  1563  1503  1533  1547  1535  1520  1497  1448  1488  1471  1575  1512  1453  1527  
1497  1570  1527  1525  1488  1510  1565  1488  1527  1546  1451  1570  1498  1571  1451  1484  1455  1487  1526  1434  
1545  1477  1557  1496  1606  1532  1478  1458  1536  1518  1524  1427  1479  1542  1549  1498  1484  1532  1496  1530  
1438  1521  1483  1510  1454  1595  1457  1446  1474  1363  1469  1548  1600  1503  1554  1443  1538  1538  1446  1591  
1545  1521  1434  1469  1522  1521  1383  1606  1521  1520  1462  1486  1528  1444  1472  1525  1477  1597  1532  1561  
1508  1607  1437  1480  1613  1463  1498  1495  1457  1453  1500  1526  1544  1522  1528  1447  1399  1588  1523  1534  
1566  1560  1500  1533  1521  1528  1483  1520  1489  1399  1521  1448  1429  1487  1393  1532  1443  1570  1461  1501  
1476  1514  1459  1533  1579  1535  1454  1513  1455  1479  1466  1478  1455  1417  1463  1500  1545  1438  1511  1494  
1501  1508  1535  1518  1474  1446  1491  1483  1502  1465  1439  1495  1537  1519  1507  1494  1490  1480  1489  1533  
1556  1475  1501  1463  1527  1476  1503  1573  1559  1518  1470  1563  1498  1522  1530  1495  1422  1500  1478  1471  
1438  1502  1451  1542  1485  1498  1500  1529  1427  1426  1588  1502  1535  1539  1555  1426  1518  1495  1491  1504  
