1.1986
1491  1495  1577  1577  1428  1567  1490  1491  1505  1498  1477  1528  1491  1484  1473  1517  1453  1541  1552  1501  
1493  1463  1480  1501  1512  1518  1531  1519  1534  1501  1510  1447  1508  1458  1522  1534  1496  1459  1599  1495  
1498  1479  1541  1537  1529  1432  1443  1522  1465  1541  1473  1506  1512  1466  1477  1510  1489  1463  1378  1560  
1533  1501  1522  1511  1542  1481  1490  1500  1530  1430  1517  1492  1494  1437  1459  1574  1464  1480  1542  1476  
1518  1432  1527  1469  1526  1492  1547  1592  1456  1459  1456  1535  1508  1404  1443  1466  1516  1551  1485  1391  
1585  1451  1523  1523  1546  1570  1477  1464  1472  1472  1428  1500  1438  1447  1512  1488  1471  1480  1493  1425  
1426  1445  1510  1566  1531  1462  1503  1533  1531  1475  1514  1503  1442  1488  1585  1486  1471  1520  1528  1450  
1509  1538  1581  1583  1562  1427  1495  1554  1533  1505  1443  1459  1512  1550  1491  1468  1501  1405  1473  1420  
1464  1524  1469  1584  1545  1544  1509  1490  1527  1461  1510  1522  1503  1515  1486  1517  1472  1484  1510  1475  
1472  1518  1521  1499  1558  1473  1496  1461  1580  1517  1499  1494  1495  1485  1483  1513  1478  1493  1491  1532  
1496  1551  1511  1544  1502  1534  1532  1491  1560  1464  1430  1542  1585  1526  1503  1529  1529  1453  1493  1427  
1456  1435  1480  1452  1420  1434  1541  1462  1522  1476  1473  1468  1437  1437  1439  1554  1416  1437  1481  1481  
1548  1509  1508  1564  1458  1588  1485  1539  1472  1496  1474  1506  1497  1441  1409  1536  1522  1474  1509  1539  
1516  1479  1479  1485  1516  1502  1485  1489  1546  1459  1541  1460  1542  1477  1474  1547  1467  1539  1448  1533  
1505  1478  1446  1455  1512  1542  1425  1453  1526  1457  1418  1503  1504  1492  1609  1452  1519  1557  1519  1559  
1496  1506  1574  1505  1531  1485  1561  1490  1549  1533  1438  1461  1521  1455  1448  1488  1455  1499  1475  1535  
1559  1525  1501  1460  1466  1517  1539  1508  1506  1545  1508  1509  1583  1532  1555  1548  1524  1477  1541  1481  
1444  1418  1454  1497  1497  1468  1539  1540  1516  1482  1481  1443  1543  1556  1478  1549  1470  1532  1466  1496  
1473  1514  1454  1425  1438  1545  1453  1462  1532  1417  1438  1504  1551  1535  1598  1511  1608  1488  1496  1547  
1453  1507  1524  1472  1514  1470  1465  1497  1471  1482  1459  1518  1569  1555  1461  1506  1485  1533  1441  1519  
