1.20039
1532  1561  1453  1556  1505  1511  1462  1621  1472  1545  1514  1511  1533  1519  1397  1497  1504  1449  1496  1496  
1415  1493  1486  1494  1577  1521  1466  1455  1545  1367  1508  1530  1433  1572  1505  1503  1495  1470  1472  1565  
1495  1529  1499  1463  1425  1600  1438  1497  1484  1478  1612  1502  1477  1478  1515  1475  1485  1545  1509  1543  
1463  1571  1515  1473  1492  1486  1530  1505  1413  1453  1498  1565  1529  1519  1477  1487  1473  1500  1537  1474  
1428  1557  1555  1487  1485  1482  1451  1558  1506  1508  1463  1478  1500  1500  1532  1560  1456  1557  1554  1462  
1470  1571  1417  1500  1498  1445  1548  1519  1517  1556  1549  1526  1561  1543  1511  1450  1595  1459  1500  1469  
1546  1554  1440  1555  1526  1470  1495  1464  1457  1424  1444  1487  1607  1502  1519  1493  1510  1524  1528  1619  
1561  1548  1503  1515  1448  1436  1470  1462  1469  1463  1424  1518  1438  1506  1505  1491  1430  1466  1527  1513  
1480  1512  1500  1486  1511  1593  1490  1487  1477  1497  1518  1603  1486  1526  1549  1440  1503  1510  1492  1488  
1415  1593  1519  1501  1490  1553  1442  1487  1433  1444  1466  1504  1569  1449  1509  1511  1512  1472  1466  1489  
1543  1525  1463  1485  1556  1486  1515  1492  1495  1503  1448  1527  1550  1416  1414  1554  1551  1529  1505  1533  
1536  1507  1528  1522  1540  1485  1440  1450  1551  1522  1504  1491  1477  1495  1478  1504  1490  1513  1490  1482  
1550  1492  1503  1485  1491  1455  1455  1497  1480  1494  1498  1557  1534  1488  1516  1457  1604  1515  1598  1459  
1471  1449  1451  1557  1559  1489  1470  1537  1594  1486  1476  1466  1538  1473  1531  1458  1529  1476  1482  1489  
1543  1545  1488  1444  1457  1509  1512  1517  1466  1509  1516  1498  1491  1564  1590  1454  1490  1501  1509  1489  
1525  1474  1478  1502  1457  1462  1590  1420  1507  1528  1489  1509  1487  1442  1474  1506  1601  1468  1474  1508  
1461  1473  1463  1503  1554  1503  1482  1535  1541  1487  1498  1604  1491  1483  1591  1517  1550  1446  1528  1378  
1457  1513  1474  1538  1473  1559  1495  1481  1462  1500  1495  1485  1508  1467  1487  1553  1528  1517  1498  1519  
1522  1525  1456  1503  1407  1515  1444  1506  1535  1572  1548  1569  1537  1418  1493  1426  1565  1446  1493  1477  
1574  1520  1529  1466  1589  1544  1486  1514  1597  1460  1532  1511  1462  1438  1395  1564  1538  1425  1517  1459  
