1.2007
1555  1514  1483  1555  1591  1518  1405  1474  1501  1505  1513  1482  1545  1560  1504  1500  1502  1529  1533  1545  
1532  1524  1500  1404  1537  1588  1469  1513  1458  1473  1519  1570  1497  1417  1521  1567  1496  1502  1544  1507  
1492  1557  1503  1492  1426  1545  1436  1447  1575  1544  1499  1527  1497  1580  1478  1575  1477  1474  1530  1566  
1476  1523  1478  1496  1519  1518  1516  1501  1453  1503  1439  1521  1506  1455  1545  1480  1560  1447  1485  1465  
1555  1444  1527  1481  1498  1460  1532  1557  1488  1456  1516  1552  1547  1483  1558  1473  1517  1465  1496  1506  
1478  1440  1519  1502  1539  1446  1451  1467  1486  1515  1559  1371  1528  1503  1567  1495  1459  1498  1452  1505  
1470  1472  1552  1581  1461  1472  1518  1513  1451  1516  1421  1516  1475  1601  1479  1461  1446  1500  1488  1496  
1507  1453  1497  1523  1415  1492  1471  1469  1491  1477  1524  1512  1470  1595  1567  1487  1477  1481  1546  1449  
1422  1487  1534  1483  1525  1564  1484  1494  1545  1534  1466  1489  1535  1512  1550  1504  1499  1548  1473  1544  
1501  1507  1486  1571  1489  1525  1496  1530  1524  1468  1478  1521  1467  1543  1486  1547  1515  1521  1427  1484  
1589  1584  1475  1489  1528  1465  1422  1615  1518  1479  1488  1535  1400  1636  1529  1549  1452  1442  1349  1534  
1538  1529  1535  1509  1550  1520  1558  1544  1497  1504  1479  1546  1451  1504  1506  1458  1529  1510  1389  1518  
1482  1449  1428  1455  1487  1517  1526  1442  1479  1499  1499  1472  1586  1512  1518  1546  1581  1454  1518  1467  
1518  1394  1460  1483  1486  1518  1505  1504  1496  1539  1497  1498  1466  1481  1501  1472  1484  1422  1502  1479  
1475  1502  1491  1501  1404  1477  1446  1507  1561  1480  1485  1490  1539  1445  1488  1467  1528  1443  1492  1530  
1540  1527  1445  1463  1581  1529  1521  1573  1507  1485  1441  1479  1498  1512  1473  1530  1506  1542  1558  1556  
1497  1555  1467  1518  1444  1510  1437  1494  1448  1531  1490  1596  1525  1511  1497  1501  1505  1562  1472  1418  
1420  1449  1549  1522  1459  1512  1454  1454  1399  1509  1559  1535  1497  1449  1547  1478  1546  1486  1599  1480  
1464  1548  1515  1550  1457  1469  1499  1496  1455  1480  1530  1533  1457  1435  1533  1519  1533  1457  1479  1440  
1476  1514  1437  1462  1487  1480  1525  1495  1514  1423  1477  1548  1444  1551  1500  1519  1448  1537  1435  1474  
