1.1979
1478  1572  1509  1444  1477  1430  1483  1517  1475  1556  1483  1545  1446  1467  1507  1538  1513  1611  1529  1474  
1494  1509  1527  1499  1508  1462  1537  1434  1478  1502  1480  1586  1521  1515  1450  1542  1495  1438  1536  1430  
1528  1509  1440  1451  1511  1477  1451  1535  1529  1505  1464  1467  1487  1509  1506  1437  1434  1464  1495  1553  
1476  1475  1479  1487  1484  1494  1534  1505  1499  1555  1543  1538  1517  1561  1535  1400  1484  1470  1489  1526  
1519  1513  1469  1455  1499  1470  1453  1559  1489  1560  1495  1521  1485  1514  1501  1483  1507  1558  1587  1449  
1514  1508  1453  1458  1505  1479  1490  1452  1530  1490  1493  1515  1435  1411  1520  1530  1528  1492  1530  1528  
1510  1479  1507  1488  1458  1497  1560  1626  1503  1526  1520  1531  1470  1511  1477  1532  1538  1493  1558  1470  
1502  1512  1518  1389  1538  1503  1529  1467  1465  1552  1483  1542  1462  1465  1444  1510  1498  1496  1515  1516  
1528  1522  1491  1456  1506  1526  1488  1479  1464  1517  1481  1493  1436  1535  1466  1519  1513  1550  1464  1446  
1462  1477  1482  1515  1513  1509  1402  1527  1490  1473  1437  1537  1530  1430  1499  1505  1479  1362  1432  1513  
1478  1478  1456  1481  1447  1500  1461  1485  1510  1530  1552  1519  1413  1554  1487  1518  1551  1483  1509  1576  
1454  1541  1468  1453  1447  1495  1429  1483  1490  1551  1545  1476  1485  1477  1477  1468  1528  1493  1474  1477  
1481  1548  1566  1421  1567  1510  1520  1476  1461  1521  1486  1521  1422  1495  1496  1464  1451  1456  1522  1511  
1400  1498  1579  1403  1486  1454  1480  1501  1440  1531  1528  1519  1530  1535  1469  1489  1555  1541  1438  1524  
1465  1522  1498  1491  1442  1487  1487  1470  1481  1545  1489  1523  1540  1487  1427  1489  1532  1530  1463  1474  
1619  1595  1536  1543  1557  1538  1413  1494  1576  1458  1535  1506  1470  1556  1515  1509  1497  1478  1492  1480  
1501  1505  1528  1547  1498  1426  1461  1569  1464  1543  1503  1479  1454  1449  1517  1530  1486  1534  1508  1518  
1575  1448  1447  1499  1483  1581  1502  1503  1482  1526  1541  1391  1463  1544  1590  1405  1542  1532  1520  1452  
1586  1552  1564  1490  1460  1536  1537  1445  1503  1476  1534  1473  1546  1400  1468  1422  1464  1632  1478  1471  
1531  1457  1480  1448  1523  1520  1561  1494  1488  1458  1495  1473  1569  1451  1590  1532  1561  1561  1479  1501  
