1.20054
1538  1549  1502  1576  1486  1585  1490  1559  1501  1552  1461  1491  1548  1473  1532  1550  1477  1505  1456  1513  
1532  1480  1526  1523  1482  1497  1514  1478  1531  1529  1480  1547  1458  1606  1479  1396  1510  1538  1498  1458  
1584  1522  1546  1448  1478  1487  1559  1466  1530  1512  1451  1400  1493  1464  1511  1510  1540  1498  1464  1450  
1450  1499  1449  1522  1517  1475  1489  1472  1467  1491  1509  1564  1507  1518  1462  1486  1531  1540  1532  1490  
1503  1501  1486  1440  1602  1521  1476  1498  1497  1458  1517  1479  1420  1531  1459  1436  1540  1499  1500  1447  
1444  1461  1415  1512  1498  1510  1483  1514  1537  1511  1458  1474  1500  1451  1497  1520  1480  1493  1522  1503  
1532  1443  1459  1491  1542  1513  1475  1471  1502  1537  1458  1520  1556  1474  1482  1485  1448  1600  1445  1466  
1469  1541  1456  1506  1375  1493  1498  1474  1484  1435  1422  1492  1492  1463  1510  1594  1513  1474  1539  1443  
1434  1510  1472  1501  1507  1552  1515  1450  1470  1476  1470  1559  1535  1508  1583  1511  1555  1470  1542  1497  
1532  1507  1430  1521  1419  1521  1462  1496  1488  1462  1547  1507  1546  1489  1488  1520  1474  1514  1489  1536  
1468  1488  1534  1449  1502  1461  1489  1426  1536  1576  1464  1496  1453  1509  1528  1499  1491  1556  1532  1488  
1479  1531  1440  1467  1431  1487  1507  1557  1529  1475  1519  1532  1450  1530  1557  1526  1479  1477  1490  1540  
1452  1461  1462  1505  1441  1518  1540  1522  1464  1507  1533  1482  1498  1463  1527  1443  1482  1423  1487  1533  
1493  1500  1538  1452  1576  1588  1475  1497  1492  1508  1565  1557  1453  1563  1472  1543  1520  1478  1508  1487  
1519  1443  1496  1596  1558  1483  1443  1491  1535  1498  1518  1466  1539  1503  1450  1515  1468  1456  1558  1565  
1498  1450  1538  1461  1508  1470  1439  1528  1497  1505  1513  1535  1508  1556  1482  1585  1426  1529  1508  1501  
1508  1452  1587  1530  1389  1620  1417  1453  1531  1602  1531  1593  1504  1567  1591  1485  1392  1477  1542  1442  
1532  1514  1482  1482  1519  1525  1506  1536  1416  1471  1456  1418  1504  1485  1469  1476  1566  1420  1542  1547  
1474  1564  1440  1486  1522  1494  1461  1522  1494  1511  1514  1462  1516  1539  1491  1433  1535  1464  1498  1520  
1510  1637  1421  1531  1524  1489  1552  1544  1619  1478  1554  1458  1538  1487  1506  1462  1546  1436  1483  1476  
