1.19973
1524  1434  1538  1412  1477  1506  1469  1533  1417  1601  1459  1519  1457  1523  1488  1454  1502  1483  1493  1436  
1500  1558  1384  1436  1486  1490  1447  1494  1510  1493  1525  1542  1526  1494  1523  1557  1527  1489  1519  1523  
1509  1481  1504  1513  1518  1497  1465  1523  1497  1562  1507  1489  1513  1536  1505  1583  1471  1544  1475  1518  
1538  1580  1458  1448  1468  1520  1527  1475  1545  1482  1437  1463  1484  1508  1495  1476  1548  1633  1546  1577  
1464  1525  1507  1540  1469  1597  1536  1468  1489  1510  1467  1572  1486  1483  1506  1549  1565  1543  1556  1435  
1508  1502  1520  1561  1428  1454  1456  1533  1473  1529  1472  1554  1505  1556  1490  1499  1503  1553  1515  1572  
1454  1533  1500  1496  1569  1463  1500  1551  1574  1494  1466  1500  1489  1526  1534  1558  1607  1515  1549  1520  
1431  1564  1496  1476  1448  1470  1584  1498  1452  1462  1535  1481  1552  1550  1499  1453  1482  1500  1449  1516  
1506  1415  1436  1442  1504  1468  1519  1438  1493  1478  1511  1501  1477  1501  1473  1501  1609  1422  1482  1523  
1512  1475  1498  1497  1482  1520  1503  1521  1472  1522  1532  1451  1453  1483  1472  1503  1498  1586  1486  1462  
1471  1485  1445  1497  1490  1540  1476  1491  1476  1546  1449  1504  1453  1506  1556  1539  1565  1457  1559  1473  
1521  1550  1525  1531  1477  1437  1532  1531  1498  1534  1543  1494  1484  1413  1548  1442  1485  1523  1514  1496  
1538  1484  1527  1516  1461  1535  1474  1454  1458  1488  1520  1399  1504  1527  1512  1374  1530  1515  1555  1499  
1462  1355  1527  1449  1498  1478  1539  1530  1550  1469  1478  1458  1475  1509  1509  1432  1386  1545  1483  1467  
1503  1476  1537  1432  1452  1483  1431  1476  1512  1483  1474  1477  1580  1468  1471  1448  1592  1522  1488  1493  
1503  1539  1555  1547  1503  1512  1501  1458  1504  1484  1523  1565  1488  1535  1480  1418  1508  1453  1551  1478  
1470  1556  1460  1545  1468  1514  1490  1465  1497  1558  1416  1530  1562  1445  1458  1486  1518  1498  1463  1454  
1488  1481  1534  1520  1497  1494  1461  1567  1510  1510  1452  1524  1487  1549  1491  1424  1520  1465  1493  1551  
1494  1528  1486  1562  1470  1516  1504  1508  1533  1518  1506  1474  1453  1527  1472  1499  1514  1581  1471  1527  
1542  1464  1525  1530  1536  1499  1450  1500  1535  1423  1508  1509  1505  1471  1537  1544  1509  1356  1523  1527  
