1.19448
1563  1498  1541  1515  1466  1498  1459  1462  1471  1482  1431  1398  1526  1493  1504  1438  1512  1425  1520  1489  
1482  1485  1449  1523  1513  1541  1464  1510  1549  1518  1575  1442  1505  1539  1478  1496  1426  1509  1451  1459  
1427  1567  1500  1519  1461  1510  1543  1411  1520  1510  1459  1479  1549  1548  1529  1478  1440  1484  1503  1468  
1462  1559  1522  1523  1547  1466  1459  1514  1480  1457  1445  1442  1538  1425  1465  1564  1478  1467  1490  1467  
1494  1419  1445  1444  1434  1399  1551  1475  1486  1388  1557  1520  1447  1492  1440  1464  1546  1495  1459  1494  
1473  1489  1422  1512  1493  1542  1544  1484  1486  1530  1506  1483  1485  1388  1509  1559  1486  1536  1540  1470  
1503  1529  1548  1517  1450  1514  1510  1546  1533  1560  1459  1532  1471  1459  1474  1536  1455  1519  1473  1509  
1429  1546  1508  1533  1450  1501  1414  1475  1502  1530  1513  1487  1441  1427  1450  1491  1544  1528  1598  1467  
1450  1557  1531  1506  1512  1513  1451  1566  1414  1463  1491  1546  1591  1503  1531  1486  1502  1441  1469  1525  
1532  1493  1498  1503  1573  1524  1602  1501  1525  1566  1495  1518  1514  1467  1513  1496  1458  1530  1555  1553  
1486  1489  1549  1378  1517  1616  1457  1581  1531  1580  1530  1498  1481  1537  1459  1456  1469  1530  1580  1609  
1421  1489  1462  1499  1489  1434  1497  1469  1541  1465  1512  1445  1509  1453  1544  1437  1570  1490  1486  1465  
1482  1514  1518  1501  1563  1467  1535  1575  1513  1444  1517  1555  1528  1559  1539  1531  1501  1484  1515  1464  
1409  1547  1537  1437  1497  1429  1585  1512  1514  1553  1487  1478  1480  1387  1444  1506  1447  1506  1524  1535  
1480  1530  1486  1503  1460  1457  1480  1557  1521  1380  1503  1559  1503  1415  1466  1495  1434  1426  1474  1444  
1479  1477  1503  1497  1495  1416  1433  1527  1509  1465  1554  1544  1528  1546  1512  1521  1470  1535  1512  1517  
1533  1529  1467  1549  1566  1491  1447  1537  1575  1430  1481  1521  1423  1554  1508  1542  1530  1471  1512  1510  
1533  1484  1539  1454  1549  1456  1419  1515  1407  1481  1516  1490  1463  1444  1440  1484  1509  1495  1537  1485  
1531  1467  1459  1459  1526  1520  1511  1544  1566  1524  1444  1510  1498  1476  1537  1482  1567  1446  1405  1460  
1484  1581  1557  1425  1505  1409  1500  1493  1516  1508  1490  1426  1472  1560  1541  1520  1397  1464  1476  1507  
