1.20009
1491  1488  1406  1563  1491  1528  1496  1502  1512  1475  1545  1534  1507  1442  1483  1462  1549  1473  1514  1467  
1550  1464  1448  1481  1502  1488  1454  1475  1542  1577  1455  1423  1437  1541  1507  1511  1557  1510  1515  1512  
1546  1507  1469  1474  1468  1490  1469  1547  1463  1521  1546  1506  1537  1549  1537  1549  1463  1562  1561  1516  
1548  1510  1449  1500  1466  1485  1512  1562  1460  1520  1508  1417  1544  1533  1498  1452  1523  1507  1585  1459  
1564  1480  1504  1518  1502  1454  1452  1475  1490  1514  1577  1531  1492  1444  1534  1552  1565  1485  1428  1503  
1500  1474  1537  1475  1554  1563  1570  1452  1462  1474  1503  1507  1405  1533  1426  1545  1519  1525  1587  1495  
1485  1514  1569  1519  1446  1542  1495  1471  1524  1505  1492  1585  1592  1504  1530  1567  1569  1463  1475  1518  
1483  1426  1600  1520  1465  1453  1463  1516  1504  1451  1511  1477  1536  1554  1585  1520  1530  1444  1457  1545  
1505  1394  1524  1465  1444  1463  1453  1450  1535  1489  1556  1512  1520  1471  1463  1538  1539  1475  1481  1500  
1436  1543  1490  1430  1449  1494  1584  1406  1491  1505  1489  1448  1430  1535  1471  1525  1446  1432  1539  1520  
1583  1494  1530  1493  1465  1441  1479  1468  1522  1492  1556  1471  1521  1546  1562  1474  1512  1497  1477  1534  
1578  1540  1546  1526  1530  1490  1462  1493  1520  1451  1493  1510  1544  1451  1467  1425  1543  1525  1445  1545  
1493  1521  1493  1521  1472  1492  1461  1530  1504  1526  1484  1411  1540  1534  1506  1470  1471  1505  1491  1412  
1489  1462  1459  1465  1431  1558  1495  1511  1492  1445  1554  1515  1532  1554  1524  1461  1445  1600  1530  1513  
1514  1449  1453  1515  1471  1602  1473  1419  1513  1495  1498  1464  1482  1518  1469  1488  1465  1531  1506  1447  
1563  1496  1500  1492  1497  1483  1494  1485  1472  1518  1467  1510  1502  1448  1564  1500  1499  1443  1488  1498  
1489  1577  1422  1500  1494  1478  1522  1553  1437  1511  1553  1555  1522  1479  1447  1441  1505  1453  1445  1515  
1484  1416  1537  1494  1546  1449  1508  1543  1488  1479  1484  1526  1597  1579  1507  1482  1598  1474  1492  1543  
1518  1521  1520  1493  1534  1460  1502  1511  1488  1447  1507  1400  1501  1476  1417  1514  1499  1557  1481  1507  
1453  1462  1516  1488  1556  1580  1429  1443  1456  1542  1512  1528  1547  1512  1474  1450  1460  1487  1460  1529  
