1.20126
1560  1543  1435  1447  1456  1392  1492  1603  1526  1535  1521  1496  1537  1443  1438  1508  1471  1518  1509  1524  
1613  1470  1480  1487  1537  1464  1490  1465  1437  1500  1460  1515  1495  1473  1433  1510  1443  1501  1570  1506  
1486  1563  1493  1450  1516  1421  1493  1495  1536  1452  1473  1458  1440  1528  1484  1485  1465  1512  1467  1508  
1523  1519  1578  1544  1553  1455  1470  1421  1490  1508  1483  1534  1432  1502  1565  1423  1509  1487  1506  1503  
1540  1485  1456  1493  1461  1483  1480  1497  1579  1430  1528  1508  1467  1417  1509  1506  1503  1571  1446  1506  
1514  1604  1624  1484  1498  1560  1561  1489  1513  1479  1529  1492  1500  1486  1494  1461  1477  1498  1518  1464  
1412  1424  1547  1517  1555  1530  1489  1476  1483  1426  1354  1444  1451  1550  1505  1494  1493  1476  1473  1494  
1505  1509  1510  1529  1496  1481  1534  1453  1457  1530  1464  1494  1452  1517  1563  1517  1434  1435  1528  1552  
1541  1528  1527  1547  1433  1456  1474  1517  1576  1449  1458  1465  1552  1579  1466  1426  1496  1493  1462  1462  
1476  1474  1501  1475  1549  1535  1477  1531  1540  1508  1432  1488  1514  1516  1593  1505  1519  1532  1552  1496  
1475  1502  1527  1566  1587  1549  1457  1462  1539  1444  1465  1530  1476  1568  1573  1473  1546  1495  1476  1466  
1552  1506  1522  1418  1497  1460  1492  1539  1490  1443  1560  1462  1447  1579  1457  1483  1619  1568  1537  1577  
1491  1454  1474  1496  1533  1485  1595  1486  1534  1545  1523  1506  1525  1430  1515  1534  1497  1564  1540  1564  
1579  1404  1540  1536  1500  1534  1506  1553  1458  1516  1459  1464  1496  1532  1537  1557  1439  1487  1485  1466  
1596  1551  1488  1510  1561  1536  1494  1534  1505  1468  1473  1491  1474  1485  1478  1507  1476  1460  1469  1500  
1509  1460  1588  1544  1500  1580  1423  1543  1462  1480  1457  1492  1512  1453  1486  1465  1514  1531  1482  1511  
1556  1573  1531  1510  1571  1416  1526  1442  1476  1533  1550  1441  1513  1429  1480  1504  1484  1485  1570  1525  
1540  1538  1462  1455  1461  1517  1531  1486  1453  1476  1454  1475  1529  1499  1536  1535  1545  1553  1464  1545  
1456  1554  1571  1438  1585  1434  1415  1505  1585  1483  1496  1532  1486  1504  1470  1531  1544  1551  1512  1562  
1465  1413  1419  1458  1480  1516  1513  1517  1470  1456  1581  1505  1500  1449  1516  1561  1529  1601  1497  1477  
