1.19999
1408  1515  1479  1528  1535  1555  1501  1501  1523  1533  1486  1506  1463  1422  1516  1518  1491  1528  1464  1424  
1516  1508  1538  1462  1477  1420  1439  1468  1499  1433  1470  1484  1497  1557  1508  1482  1488  1491  1472  1432  
1485  1545  1493  1476  1585  1513  1452  1537  1528  1497  1477  1500  1483  1517  1504  1488  1433  1526  1540  1503  
1541  1532  1525  1509  1482  1498  1456  1531  1509  1495  1437  1548  1466  1508  1511  1531  1484  1530  1523  1541  
1485  1575  1465  1550  1435  1457  1560  1487  1556  1592  1514  1457  1429  1516  1439  1502  1459  1484  1433  1504  
1507  1565  1435  1456  1588  1475  1404  1467  1513  1472  1466  1448  1449  1459  1418  1504  1477  1560  1429  1491  
1487  1469  1434  1508  1529  1487  1436  1548  1443  1460  1476  1466  1481  1553  1492  1569  1512  1505  1513  1487  
1540  1538  1619  1480  1516  1553  1504  1454  1567  1535  1466  1454  1523  1449  1472  1546  1448  1490  1497  1518  
1542  1528  1549  1493  1551  1540  1556  1532  1518  1456  1417  1494  1545  1504  1463  1461  1614  1428  1453  1547  
1529  1518  1479  1516  1522  1512  1545  1568  1410  1545  1514  1484  1493  1460  1496  1491  1552  1473  1470  1521  
1520  1533  1458  1545  1496  1535  1492  1453  1482  1505  1492  1454  1495  1481  1462  1412  1538  1522  1403  1606  
1511  1499  1466  1517  1539  1510  1486  1484  1442  1499  1491  1378  1471  1448  1503  1532  1518  1478  1524  1506  
1531  1427  1565  1526  1514  1479  1515  1499  1468  1513  1571  1459  1530  1596  1512  1544  1509  1489  1530  1444  
1552  1510  1526  1527  1452  1454  1419  1554  1481  1538  1578  1421  1517  1505  1483  1531  1595  1541  1482  1531  
1463  1487  1503  1508  1474  1485  1471  1512  1562  1592  1478  1548  1438  1514  1473  1498  1572  1482  1540  1547  
1549  1484  1567  1489  1504  1544  1522  1425  1529  1468  1484  1512  1504  1421  1548  1488  1450  1525  1575  1603  
1499  1558  1411  1494  1476  1543  1489  1433  1517  1485  1470  1582  1469  1486  1500  1506  1520  1487  1580  1533  
1426  1472  1486  1463  1567  1572  1519  1541  1507  1501  1536  1502  1493  1522  1431  1604  1553  1452  1439  1546  
1438  1523  1538  1460  1476  1494  1471  1452  1483  1490  1586  1483  1526  1556  1501  1498  1468  1484  1506  1482  
1526  1436  1450  1546  1479  1498  1492  1532  1449  1498  1523  1418  1401  1437  1469  1503  1480  1455  1565  1485  
