1.20134
1492  1440  1474  1538  1548  1460  1516  1492  1552  1411  1549  1439  1531  1469  1518  1476  1515  1502  1479  1457  
1547  1424  1407  1553  1458  1550  1505  1481  1503  1436  1574  1475  1476  1513  1472  1496  1483  1526  1510  1483  
1513  1482  1527  1462  1550  1477  1531  1581  1533  1480  1432  1608  1538  1536  1500  1493  1525  1478  1519  1421  
1512  1508  1486  1475  1514  1523  1494  1446  1571  1527  1487  1508  1495  1454  1557  1490  1488  1485  1502  1535  
1470  1395  1493  1481  1514  1515  1493  1484  1501  1488  1415  1596  1478  1470  1556  1555  1510  1513  1528  1582  
1514  1496  1572  1517  1502  1518  1506  1513  1546  1424  1523  1503  1471  1546  1427  1541  1494  1539  1444  1478  
1565  1499  1484  1513  1513  1472  1500  1462  1522  1505  1501  1617  1386  1482  1562  1502  1484  1480  1503  1474  
1498  1503  1506  1430  1482  1501  1484  1479  1497  1572  1538  1528  1463  1573  1479  1547  1466  1488  1533  1465  
1492  1453  1548  1449  1485  1458  1435  1549  1465  1473  1479  1630  1505  1554  1459  1574  1462  1495  1547  1545  
1518  1575  1564  1480  1650  1441  1512  1510  1443  1535  1580  1408  1465  1576  1503  1585  1485  1444  1497  1511  
1519  1539  1517  1474  1472  1525  1499  1439  1534  1509  1523  1543  1424  1509  1444  1471  1464  1597  1447  1555  
1488  1475  1512  1534  1419  1497  1566  1508  1509  1484  1519  1556  1495  1461  1480  1513  1541  1547  1528  1524  
1519  1501  1543  1483  1552  1515  1454  1544  1522  1502  1534  1493  1508  1506  1548  1468  1520  1467  1607  1523  
1481  1458  1522  1518  1502  1557  1488  1444  1548  1519  1542  1446  1484  1458  1434  1527  1471  1498  1425  1520  
1484  1590  1603  1477  1508  1515  1551  1540  1384  1527  1456  1413  1469  1441  1489  1584  1434  1463  1490  1496  
1468  1453  1445  1601  1540  1511  1546  1461  1433  1545  1593  1522  1664  1599  1534  1512  1414  1507  1461  1460  
1566  1497  1413  1447  1523  1546  1481  1541  1476  1542  1504  1575  1448  1492  1513  1501  1498  1553  1398  1488  
1539  1457  1564  1523  1526  1473  1485  1494  1544  1484  1517  1511  1489  1470  1480  1437  1514  1464  1521  1470  
1510  1514  1615  1492  1491  1494  1452  1461  1464  1512  1490  1500  1454  1478  1476  1488  1523  1460  1466  1493  
1490  1503  1465  1488  1480  1478  1535  1541  1491  1515  1514  1512  1546  1477  1513  1479  1525  1551  1422  1486  
