1.13555
1052  1085  1099  1099  1132  1154  1192  1234  1301  1405  1320  1221  1208  1195  1179  1086  1141  1072  1060  1080  
1082  1007  1091  1125  1084  1276  1248  1288  1256  1322  1340  1372  1336  1323  1226  1189  1246  1117  1078  1063  
1068  1097  1158  1150  1161  1276  1325  1319  1363  1401  1437  1367  1325  1310  1217  1189  1144  1144  1090  1077  
1097  1147  1213  1237  1250  1329  1351  1478  1462  1422  1559  1472  1426  1346  1390  1252  1231  1157  1173  1156  
1181  1136  1090  1261  1371  1342  1518  1534  1662  1540  1532  1494  1545  1440  1465  1273  1294  1166  1224  1139  
1156  1139  1231  1319  1351  1409  1608  1658  1702  1770  1698  1738  1593  1648  1488  1377  1371  1337  1249  1235  
1163  1311  1285  1350  1393  1596  1637  1754  1859  1952  1971  1818  1780  1701  1567  1377  1376  1300  1290  1235  
1327  1275  1391  1446  1534  1655  1824  1917  1963  2166  2075  1964  2026  1818  1623  1512  1356  1331  1284  1286  
1351  1319  1318  1471  1629  1813  1852  2156  2168  2191  2133  2105  1948  1837  1717  1574  1497  1346  1337  1247  
1259  1376  1405  1465  1670  1677  1937  2073  2133  2353  2209  2216  2234  1923  1742  1667  1509  1392  1323  1233  
1370  1303  1456  1522  1702  1776  1964  2073  2193  2361  2278  2231  2038  1992  1853  1619  1509  1390  1370  1243  
1264  1299  1347  1478  1556  1705  1996  2058  2190  2222  2147  2048  1972  1994  1656  1658  1488  1376  1349  1334  
1275  1303  1361  1404  1509  1676  1770  1994  1997  2189  2057  1941  1938  1792  1693  1576  1423  1370  1281  1206  
1216  1212  1254  1397  1493  1544  1663  1728  1905  1997  1924  1837  1800  1669  1631  1462  1387  1249  1298  1225  
1154  1274  1202  1310  1329  1541  1605  1715  1690  1812  1785  1774  1605  1533  1506  1421  1308  1142  1281  1148  
1239  1235  1212  1195  1367  1508  1495  1543  1555  1515  1618  1540  1532  1460  1487  1308  1247  1218  1214  1145  
1101  1194  1144  1214  1328  1315  1390  1449  1485  1547  1529  1519  1441  1368  1380  1315  1204  1209  1141  1134  
1041  1067  1141  1190  1160  1253  1272  1358  1329  1440  1471  1435  1278  1287  1354  1174  1204  1146  1132  1109  
1046  1112  1099  1133  1224  1213  1366  1289  1334  1380  1336  1326  1361  1257  1286  1157  1147  1176  1037  1080  
1052  1058  1070  1150  1189  1185  1228  1212  1319  1340  1324  1287  1193  1226  1229  1177  1092  1146  1055  1050  
