1.19973
1458  1509  1591  1462  1512  1530  1546  1487  1501  1436  1501  1499  1577  1448  1510  1526  1497  1475  1443  1454  
1469  1533  1532  1460  1453  1513  1538  1483  1516  1527  1480  1525  1505  1531  1475  1503  1474  1485  1556  1513  
1461  1433  1424  1514  1509  1545  1520  1488  1541  1500  1496  1536  1508  1462  1507  1467  1536  1495  1465  1482  
1478  1551  1528  1440  1546  1489  1516  1489  1467  1489  1554  1499  1497  1499  1504  1435  1486  1501  1504  1521  
1488  1477  1425  1576  1526  1544  1417  1466  1482  1479  1435  1547  1465  1497  1458  1482  1561  1490  1474  1558  
1496  1420  1398  1461  1465  1427  1443  1468  1502  1415  1554  1490  1484  1528  1505  1616  1481  1550  1462  1527  
1545  1443  1512  1455  1485  1460  1509  1476  1496  1528  1465  1466  1517  1497  1524  1606  1456  1479  1447  1508  
1549  1465  1540  1468  1400  1538  1446  1433  1496  1459  1511  1439  1425  1453  1390  1568  1529  1497  1531  1597  
1487  1528  1508  1504  1515  1547  1477  1492  1465  1515  1502  1563  1508  1475  1510  1494  1460  1563  1537  1545  
1507  1533  1481  1530  1565  1490  1538  1483  1500  1490  1487  1481  1447  1540  1429  1525  1509  1469  1507  1521  
1553  1454  1595  1561  1490  1536  1500  1543  1462  1558  1513  1467  1481  1526  1522  1524  1534  1452  1484  1483  
1505  1528  1436  1547  1555  1511  1416  1503  1428  1568  1487  1513  1504  1517  1496  1547  1474  1500  1520  1497  
1516  1498  1493  1513  1515  1456  1438  1436  1467  1490  1473  1485  1522  1556  1579  1477  1582  1468  1482  1526  
1569  1472  1521  1390  1506  1533  1451  1555  1504  1500  1508  1499  1490  1589  1545  1474  1551  1516  1506  1521  
1464  1578  1491  1517  1463  1462  1527  1534  1457  1520  1509  1432  1488  1482  1503  1422  1517  1618  1531  1533  
1501  1493  1485  1534  1497  1479  1504  1514  1486  1507  1538  1568  1508  1517  1454  1540  1494  1419  1502  1496  
1434  1475  1484  1424  1516  1477  1484  1463  1462  1544  1533  1560  1442  1496  1456  1493  1529  1460  1570  1466  
1532  1492  1468  1461  1518  1470  1598  1471  1466  1619  1455  1564  1515  1506  1527  1502  1507  1554  1491  1537  
1481  1514  1495  1446  1559  1544  1532  1542  1514  1478  1439  1520  1527  1451  1463  1477  1554  1517  1476  1371  
1457  1486  1480  1498  1509  1507  1524  1446  1455  1498  1522  1510  1481  1519  1552  1484  1497  1402  1536  1470  
