1.17836
1369  1374  1399  1434  1458  1466  1418  1390  1473  1433  1440  1487  1487  1421  1501  1430  1369  1431  1463  1500  
1301  1346  1365  1462  1417  1486  1421  1372  1445  1369  1463  1502  1428  1400  1436  1438  1412  1446  1414  1361  
1371  1440  1503  1391  1438  1469  1457  1484  1543  1556  1427  1437  1463  1509  1511  1428  1336  1392  1404  1455  
1410  1362  1432  1374  1387  1452  1535  1550  1451  1452  1506  1526  1412  1502  1486  1470  1413  1364  1419  1447  
1472  1461  1403  1434  1544  1481  1456  1557  1405  1569  1486  1484  1578  1488  1523  1534  1456  1520  1472  1440  
1482  1501  1490  1431  1520  1498  1517  1607  1484  1505  1610  1561  1541  1505  1526  1448  1434  1454  1507  1452  
1530  1454  1510  1472  1465  1490  1528  1530  1541  1544  1557  1520  1548  1512  1515  1424  1495  1493  1428  1414  
1401  1419  1486  1452  1531  1568  1498  1521  1615  1565  1556  1548  1524  1594  1485  1465  1516  1404  1490  1420  
1403  1464  1468  1592  1538  1529  1572  1521  1562  1529  1646  1580  1512  1642  1487  1463  1524  1422  1505  1477  
1451  1498  1455  1492  1570  1489  1551  1586  1583  1578  1602  1655  1462  1607  1561  1472  1502  1525  1549  1556  
1545  1541  1457  1518  1560  1494  1568  1504  1583  1580  1554  1587  1544  1535  1467  1448  1494  1455  1454  1466  
1391  1450  1486  1492  1533  1528  1525  1637  1628  1531  1624  1536  1485  1515  1562  1467  1517  1433  1496  1502  
1381  1415  1442  1483  1502  1497  1474  1525  1586  1522  1589  1504  1531  1493  1534  1455  1478  1461  1449  1441  
1454  1448  1488  1461  1516  1535  1448  1535  1558  1525  1475  1547  1567  1650  1510  1502  1415  1474  1456  1549  
1409  1441  1447  1407  1489  1547  1543  1622  1515  1668  1461  1540  1519  1539  1494  1471  1499  1411  1409  1422  
1395  1492  1387  1479  1502  1463  1436  1484  1533  1540  1564  1545  1512  1477  1523  1478  1438  1452  1446  1420  
1486  1379  1482  1455  1440  1421  1528  1441  1548  1454  1551  1475  1461  1475  1487  1440  1448  1362  1448  1398  
1429  1445  1471  1439  1453  1433  1428  1433  1447  1537  1507  1510  1482  1447  1446  1430  1421  1474  1371  1381  
1392  1458  1382  1451  1488  1460  1462  1412  1466  1535  1426  1496  1428  1459  1403  1471  1451  1468  1477  1426  
1364  1404  1431  1389  1464  1438  1538  1500  1467  1499  1458  1442  1446  1503  1446  1445  1401  1413  1402  1402  
