1.20062
1480  1473  1574  1552  1560  1529  1424  1419  1465  1448  1480  1575  1533  1488  1546  1487  1477  1576  1581  1516  
1530  1575  1513  1416  1503  1573  1471  1486  1543  1560  1491  1478  1530  1434  1552  1495  1495  1565  1472  1453  
1461  1501  1503  1475  1522  1515  1487  1450  1497  1546  1571  1520  1534  1446  1489  1591  1466  1513  1515  1510  
1544  1560  1572  1512  1441  1504  1479  1476  1442  1487  1495  1470  1580  1458  1569  1538  1539  1544  1424  1518  
1478  1484  1454  1506  1416  1463  1561  1529  1451  1418  1544  1558  1486  1482  1493  1500  1473  1556  1496  1539  
1492  1528  1497  1486  1528  1550  1423  1433  1512  1445  1549  1518  1528  1587  1432  1535  1429  1505  1492  1508  
1471  1412  1472  1538  1580  1451  1513  1493  1465  1513  1572  1576  1565  1557  1531  1619  1463  1514  1503  1503  
1517  1559  1476  1531  1465  1515  1516  1463  1435  1462  1417  1431  1565  1553  1433  1512  1492  1487  1394  1554  
1533  1584  1497  1495  1519  1549  1408  1545  1447  1572  1487  1509  1550  1416  1547  1377  1546  1564  1562  1493  
1587  1461  1530  1518  1517  1539  1554  1528  1449  1568  1526  1467  1521  1474  1469  1489  1536  1478  1460  1485  
1542  1510  1545  1454  1503  1505  1445  1542  1476  1485  1588  1526  1549  1575  1544  1449  1516  1479  1486  1401  
1569  1454  1551  1402  1600  1549  1485  1464  1540  1419  1522  1417  1482  1566  1471  1527  1476  1470  1490  1480  
1470  1474  1503  1483  1421  1549  1516  1547  1498  1439  1466  1517  1536  1532  1485  1502  1489  1467  1463  1458  
1484  1443  1443  1520  1461  1514  1416  1465  1455  1473  1531  1541  1505  1473  1507  1457  1451  1543  1550  1556  
1538  1422  1476  1517  1476  1473  1575  1458  1475  1496  1527  1512  1474  1472  1489  1488  1528  1491  1443  1527  
1521  1531  1524  1447  1464  1443  1560  1521  1487  1496  1578  1577  1550  1419  1562  1481  1536  1614  1487  1463  
1482  1502  1549  1507  1518  1426  1448  1448  1471  1522  1448  1474  1496  1550  1516  1541  1529  1450  1485  1464  
1494  1427  1537  1484  1527  1482  1542  1482  1457  1482  1436  1566  1403  1522  1510  1546  1571  1474  1562  1533  
1541  1577  1518  1437  1497  1448  1489  1525  1526  1493  1492  1524  1492  1524  1493  1469  1489  1459  1504  1484  
1493  1450  1465  1494  1437  1498  1451  1504  1481  1472  1575  1447  1491  1525  1483  1539  1487  1524  1504  1523  
