1.19818
1538  1530  1499  1564  1494  1470  1476  1475  1479  1476  1507  1516  1494  1466  1436  1461  1559  1512  1400  1523  
1490  1516  1593  1553  1468  1488  1503  1496  1464  1449  1419  1548  1522  1431  1509  1462  1556  1513  1512  1481  
1491  1501  1576  1537  1449  1469  1564  1421  1462  1497  1457  1512  1502  1459  1451  1510  1528  1528  1488  1483  
1392  1444  1485  1464  1587  1493  1525  1471  1471  1520  1495  1525  1474  1463  1553  1480  1595  1420  1437  1490  
1569  1465  1480  1481  1542  1451  1547  1550  1479  1575  1480  1508  1501  1495  1451  1427  1423  1460  1470  1496  
1470  1517  1495  1495  1495  1461  1507  1509  1479  1558  1510  1542  1491  1524  1480  1482  1544  1486  1510  1469  
1463  1486  1483  1491  1450  1501  1466  1486  1464  1544  1560  1465  1462  1513  1469  1471  1467  1480  1486  1462  
1543  1558  1537  1549  1501  1398  1398  1535  1458  1543  1495  1469  1492  1464  1510  1435  1532  1472  1459  1493  
1484  1553  1589  1510  1484  1479  1484  1505  1436  1514  1487  1424  1557  1394  1540  1498  1516  1570  1530  1509  
1487  1412  1571  1535  1568  1531  1464  1474  1456  1544  1492  1423  1490  1533  1475  1564  1500  1464  1488  1582  
1576  1561  1511  1515  1514  1465  1482  1515  1537  1527  1536  1558  1457  1450  1483  1484  1464  1506  1458  1455  
1456  1609  1524  1490  1501  1444  1537  1556  1507  1469  1483  1469  1505  1530  1504  1487  1545  1494  1497  1539  
1510  1501  1441  1476  1531  1444  1485  1539  1428  1446  1509  1458  1458  1540  1518  1426  1525  1465  1451  1484  
1454  1489  1501  1465  1547  1455  1478  1459  1506  1478  1497  1546  1521  1569  1461  1483  1540  1470  1408  1500  
1499  1538  1466  1545  1442  1450  1576  1513  1469  1543  1500  1534  1562  1576  1473  1498  1542  1514  1515  1535  
1494  1543  1516  1598  1517  1462  1490  1554  1499  1464  1490  1516  1463  1503  1485  1365  1493  1525  1444  1510  
1530  1467  1553  1499  1544  1515  1476  1528  1510  1550  1573  1485  1499  1458  1612  1460  1473  1499  1504  1532  
1566  1404  1476  1512  1518  1489  1492  1580  1503  1488  1478  1513  1510  1404  1520  1423  1503  1481  1499  1565  
1509  1474  1436  1536  1479  1502  1469  1553  1538  1501  1518  1424  1473  1601  1507  1449  1502  1431  1505  1557  
1511  1473  1535  1531  1573  1454  1504  1503  1448  1457  1466  1514  1488  1520  1482  1543  1482  1463  1493  1448  
