1.20119
1469  1493  1532  1528  1530  1460  1453  1486  1519  1506  1534  1474  1425  1498  1418  1496  1607  1511  1531  1445  
1503  1473  1428  1523  1520  1467  1508  1493  1504  1451  1438  1489  1456  1559  1483  1483  1484  1513  1555  1571  
1509  1518  1526  1439  1536  1463  1534  1501  1522  1533  1587  1540  1451  1509  1544  1526  1477  1466  1524  1450  
1486  1549  1550  1507  1488  1461  1506  1523  1560  1529  1527  1470  1479  1418  1477  1504  1424  1473  1568  1451  
1455  1489  1485  1498  1527  1559  1459  1431  1480  1497  1491  1504  1444  1530  1483  1439  1463  1517  1619  1471  
1433  1472  1453  1411  1509  1488  1576  1521  1493  1477  1449  1480  1569  1496  1511  1584  1540  1552  1552  1406  
1573  1531  1524  1469  1531  1514  1482  1456  1458  1502  1497  1541  1502  1509  1524  1533  1486  1488  1440  1515  
1552  1577  1496  1472  1482  1540  1496  1561  1473  1614  1491  1579  1561  1484  1467  1546  1558  1550  1548  1397  
1514  1563  1515  1496  1573  1480  1488  1551  1503  1498  1465  1507  1477  1529  1577  1520  1548  1532  1495  1560  
1495  1511  1474  1470  1493  1480  1522  1533  1473  1494  1499  1473  1538  1455  1501  1539  1548  1522  1543  1440  
1422  1447  1477  1574  1443  1462  1547  1531  1525  1514  1517  1512  1512  1478  1490  1443  1416  1495  1466  1543  
1488  1485  1537  1545  1477  1490  1519  1562  1525  1495  1503  1428  1459  1466  1547  1473  1493  1504  1528  1532  
1447  1515  1499  1522  1469  1552  1507  1461  1476  1503  1489  1596  1587  1528  1526  1419  1521  1457  1526  1503  
1555  1472  1469  1496  1491  1491  1493  1545  1433  1558  1566  1464  1550  1547  1461  1524  1461  1496  1436  1548  
1464  1548  1452  1557  1489  1503  1525  1564  1506  1499  1486  1423  1503  1586  1434  1507  1468  1540  1486  1572  
1483  1515  1527  1594  1480  1506  1448  1587  1458  1506  1577  1490  1517  1423  1550  1450  1482  1592  1477  1492  
1513  1532  1545  1526  1441  1504  1510  1479  1389  1498  1496  1503  1494  1568  1513  1476  1471  1506  1529  1532  
1450  1549  1489  1476  1490  1506  1507  1472  1592  1425  1457  1516  1494  1518  1493  1471  1495  1423  1462  1469  
1598  1490  1490  1492  1477  1541  1483  1478  1482  1515  1436  1517  1487  1474  1536  1447  1497  1512  1421  1442  
1460  1492  1480  1546  1550  1474  1486  1485  1536  1509  1588  1478  1458  1513  1518  1512  1541  1491  1471  1517  
