1.19977
1541  1534  1523  1518  1400  1493  1485  1547  1501  1475  1490  1521  1537  1464  1483  1548  1542  1459  1525  1529  
1472  1515  1493  1534  1587  1461  1436  1553  1500  1509  1509  1478  1493  1506  1503  1514  1472  1543  1429  1388  
1508  1449  1532  1490  1414  1475  1544  1439  1535  1516  1393  1473  1526  1499  1461  1550  1572  1434  1469  1459  
1498  1530  1562  1540  1468  1461  1524  1486  1470  1509  1570  1507  1511  1481  1478  1569  1514  1480  1429  1467  
1514  1517  1459  1477  1454  1466  1513  1459  1558  1469  1511  1599  1486  1523  1523  1504  1537  1537  1515  1572  
1475  1512  1482  1472  1499  1485  1442  1510  1459  1490  1426  1453  1476  1560  1545  1411  1529  1484  1479  1534  
1510  1484  1443  1496  1532  1488  1482  1435  1501  1539  1525  1522  1538  1510  1492  1545  1488  1471  1460  1481  
1495  1433  1515  1484  1473  1532  1504  1525  1510  1504  1484  1467  1513  1522  1575  1504  1477  1488  1510  1453  
1499  1551  1419  1423  1523  1520  1470  1426  1460  1558  1479  1454  1514  1464  1531  1523  1576  1463  1467  1508  
1501  1551  1445  1537  1518  1554  1528  1472  1466  1538  1487  1520  1531  1503  1517  1492  1556  1493  1422  1571  
1408  1416  1525  1543  1514  1396  1505  1465  1530  1486  1508  1496  1558  1551  1623  1557  1504  1535  1495  1491  
1494  1480  1480  1469  1452  1464  1533  1437  1478  1573  1537  1540  1493  1454  1504  1453  1492  1529  1442  1508  
1557  1478  1518  1560  1533  1498  1512  1507  1416  1499  1510  1516  1597  1492  1511  1445  1479  1470  1443  1552  
1494  1472  1547  1489  1477  1561  1441  1513  1446  1463  1571  1466  1520  1467  1443  1542  1411  1502  1506  1495  
1479  1444  1507  1487  1525  1472  1466  1458  1486  1430  1558  1421  1515  1522  1505  1508  1521  1485  1581  1463  
1465  1478  1627  1489  1497  1430  1494  1450  1567  1461  1435  1550  1465  1496  1526  1483  1512  1481  1523  1540  
1515  1532  1494  1399  1473  1516  1541  1493  1533  1426  1569  1570  1532  1480  1463  1471  1533  1496  1484  1448  
1576  1522  1532  1561  1508  1493  1507  1531  1427  1492  1545  1479  1490  1447  1486  1599  1571  1540  1558  1504  
1512  1496  1523  1503  1510  1548  1491  1576  1583  1488  1486  1503  1491  1436  1464  1551  1554  1534  1434  1507  
1529  1577  1499  1467  1456  1471  1564  1471  1546  1510  1529  1512  1478  1434  1540  1475  1450  1430  1498  1425  
