1.19955
1451  1518  1435  1515  1516  1540  1561  1541  1576  1503  1442  1493  1513  1475  1565  1535  1506  1553  1449  1461  
1510  1530  1491  1489  1433  1468  1457  1408  1481  1519  1526  1478  1485  1520  1473  1433  1528  1482  1475  1466  
1477  1556  1460  1499  1533  1494  1458  1483  1541  1489  1446  1482  1512  1552  1436  1447  1525  1460  1463  1553  
1536  1556  1492  1506  1457  1419  1450  1535  1493  1593  1505  1482  1481  1507  1537  1508  1544  1412  1527  1491  
1556  1541  1494  1497  1544  1473  1501  1438  1452  1566  1524  1456  1437  1501  1517  1454  1485  1553  1458  1436  
1486  1477  1513  1532  1500  1510  1552  1498  1513  1530  1509  1516  1545  1453  1433  1572  1420  1433  1523  1442  
1516  1482  1430  1525  1499  1465  1507  1542  1497  1434  1460  1493  1487  1497  1518  1407  1527  1446  1501  1492  
1482  1490  1568  1531  1519  1524  1451  1511  1543  1457  1531  1525  1466  1544  1557  1512  1488  1469  1509  1461  
1512  1588  1478  1536  1461  1496  1431  1460  1512  1491  1490  1477  1431  1453  1502  1483  1507  1513  1523  1538  
1540  1526  1449  1500  1521  1501  1543  1448  1510  1538  1535  1458  1510  1483  1471  1472  1461  1508  1490  1485  
1533  1544  1539  1529  1530  1535  1490  1431  1500  1446  1478  1488  1447  1450  1503  1504  1539  1436  1497  1521  
1453  1479  1487  1474  1421  1428  1473  1439  1477  1515  1546  1505  1502  1500  1530  1449  1474  1486  1500  1568  
1563  1427  1508  1460  1511  1508  1473  1464  1492  1477  1517  1537  1523  1430  1509  1504  1475  1611  1526  1466  
1476  1487  1526  1430  1599  1502  1576  1439  1568  1516  1529  1597  1499  1522  1531  1549  1590  1537  1432  1535  
1568  1449  1509  1492  1463  1501  1416  1481  1522  1546  1531  1505  1500  1609  1486  1463  1580  1515  1553  1479  
1471  1565  1496  1538  1550  1514  1581  1445  1455  1483  1456  1420  1478  1488  1503  1534  1440  1547  1526  1468  
1538  1499  1431  1510  1575  1452  1468  1452  1495  1394  1592  1518  1497  1534  1524  1502  1491  1563  1448  1497  
1492  1462  1526  1497  1443  1475  1506  1491  1503  1481  1487  1438  1551  1553  1580  1559  1511  1543  1487  1526  
1545  1491  1584  1524  1544  1517  1537  1458  1452  1489  1478  1523  1470  1481  1391  1409  1557  1540  1530  1435  
1494  1466  1487  1514  1525  1483  1484  1564  1547  1534  1521  1441  1461  1448  1508  1421  1522  1545  1503  1484  
