1.15142
1157  1219  1265  1269  1205  1331  1341  1333  1298  1487  1349  1324  1329  1310  1308  1264  1219  1208  1190  1200  
1158  1186  1201  1213  1217  1314  1361  1322  1372  1428  1397  1380  1372  1263  1294  1303  1251  1261  1163  1177  
1158  1222  1183  1172  1340  1315  1322  1452  1369  1425  1460  1464  1512  1400  1323  1266  1298  1299  1228  1177  
1268  1298  1250  1321  1308  1420  1495  1386  1480  1398  1494  1415  1416  1461  1318  1358  1301  1320  1224  1220  
1213  1262  1277  1278  1355  1363  1532  1530  1568  1591  1616  1575  1509  1455  1384  1330  1327  1373  1360  1248  
1241  1289  1368  1381  1439  1520  1637  1585  1584  1667  1682  1629  1585  1572  1527  1443  1423  1408  1329  1280  
1313  1329  1362  1444  1470  1569  1658  1701  1726  1811  1709  1740  1731  1621  1576  1518  1350  1372  1429  1277  
1375  1305  1443  1465  1507  1562  1665  1774  1845  1877  1870  1737  1657  1666  1697  1538  1482  1442  1289  1316  
1373  1431  1450  1527  1592  1646  1626  1871  1964  2007  1911  1800  1805  1772  1642  1582  1452  1471  1448  1400  
1393  1471  1445  1569  1556  1680  1782  1838  1967  1940  1932  1971  1789  1670  1581  1656  1554  1394  1383  1452  
1343  1426  1432  1556  1549  1705  1737  1876  1952  1893  1922  1860  1801  1819  1613  1588  1574  1477  1418  1355  
1441  1404  1429  1480  1588  1568  1837  1841  1849  1935  1921  1958  1777  1756  1678  1596  1493  1414  1389  1424  
1319  1385  1461  1490  1536  1545  1717  1791  1795  1901  1751  1794  1789  1783  1558  1577  1468  1359  1354  1347  
1247  1292  1351  1471  1463  1563  1702  1703  1762  1783  1819  1727  1693  1617  1565  1511  1396  1372  1305  1269  
1275  1279  1354  1333  1520  1489  1499  1569  1686  1761  1739  1666  1612  1539  1483  1449  1340  1370  1345  1243  
1274  1312  1333  1366  1422  1473  1501  1479  1540  1590  1606  1482  1539  1498  1455  1428  1335  1320  1264  1221  
1222  1233  1269  1192  1347  1294  1450  1504  1573  1492  1561  1541  1479  1411  1400  1331  1247  1289  1273  1243  
1199  1260  1203  1307  1339  1297  1409  1353  1401  1409  1415  1479  1414  1373  1261  1312  1284  1210  1208  1184  
1225  1207  1244  1275  1374  1245  1353  1356  1384  1400  1330  1451  1407  1365  1330  1252  1237  1265  1281  1105  
1220  1159  1219  1219  1297  1286  1300  1372  1378  1393  1508  1234  1347  1364  1316  1310  1232  1221  1287  1219  
