1.19856
1438  1491  1487  1564  1451  1494  1567  1556  1484  1495  1529  1528  1489  1512  1508  1509  1497  1423  1517  1445  
1544  1458  1510  1556  1468  1527  1513  1456  1508  1501  1534  1455  1511  1485  1474  1543  1548  1472  1530  1507  
1552  1438  1515  1447  1367  1475  1538  1522  1509  1507  1507  1459  1565  1470  1571  1471  1536  1452  1426  1494  
1572  1531  1508  1443  1503  1548  1520  1495  1496  1479  1519  1579  1542  1483  1486  1508  1526  1478  1552  1540  
1469  1439  1476  1503  1461  1435  1527  1510  1571  1427  1526  1478  1498  1499  1529  1541  1475  1482  1430  1445  
1471  1485  1571  1498  1514  1510  1474  1500  1455  1524  1496  1463  1470  1507  1487  1458  1468  1498  1463  1475  
1503  1440  1489  1560  1418  1468  1513  1539  1518  1486  1540  1484  1518  1512  1526  1559  1487  1495  1533  1404  
1551  1555  1483  1538  1516  1456  1447  1471  1516  1484  1513  1487  1465  1565  1494  1519  1512  1514  1497  1493  
1517  1531  1523  1513  1526  1441  1547  1526  1436  1504  1482  1493  1518  1593  1397  1468  1500  1456  1505  1546  
1499  1530  1468  1483  1475  1538  1508  1419  1494  1514  1519  1449  1512  1550  1415  1465  1492  1550  1472  1580  
1509  1482  1504  1508  1453  1448  1436  1482  1560  1500  1569  1538  1512  1529  1438  1580  1455  1514  1529  1513  
1484  1483  1434  1502  1497  1517  1477  1478  1573  1529  1529  1480  1486  1490  1492  1515  1470  1533  1408  1492  
1502  1482  1540  1413  1456  1497  1428  1552  1545  1520  1513  1484  1547  1582  1540  1485  1575  1534  1572  1446  
1503  1502  1483  1425  1505  1479  1513  1514  1489  1521  1508  1483  1524  1529  1493  1501  1490  1511  1505  1510  
1491  1519  1527  1493  1495  1555  1364  1443  1619  1440  1510  1509  1470  1506  1465  1580  1564  1475  1462  1567  
1481  1483  1477  1498  1540  1483  1404  1559  1524  1456  1526  1526  1455  1497  1504  1514  1568  1513  1535  1526  
1513  1556  1431  1502  1499  1526  1503  1439  1507  1469  1465  1498  1454  1466  1478  1501  1520  1449  1588  1405  
1404  1476  1512  1492  1552  1584  1567  1521  1466  1457  1449  1487  1498  1499  1463  1605  1567  1593  1466  1501  
1519  1522  1467  1450  1500  1475  1552  1457  1479  1490  1612  1559  1478  1505  1476  1519  1399  1512  1496  1466  
1542  1413  1532  1467  1552  1559  1484  1465  1502  1486  1550  1470  1528  1485  1516  1453  1512  1557  1429  1523  
