1.20038
1497  1489  1545  1521  1423  1482  1494  1487  1552  1576  1460  1492  1510  1484  1541  1440  1580  1522  1457  1454  
1436  1571  1476  1514  1570  1461  1476  1492  1478  1567  1410  1457  1415  1491  1453  1483  1452  1514  1550  1495  
1432  1444  1490  1509  1496  1543  1516  1512  1503  1530  1507  1547  1432  1498  1508  1549  1477  1463  1554  1533  
1461  1534  1494  1460  1552  1445  1532  1450  1517  1491  1438  1547  1582  1507  1547  1585  1552  1428  1504  1539  
1441  1445  1470  1503  1484  1471  1496  1498  1448  1485  1446  1457  1461  1511  1451  1518  1544  1456  1530  1560  
1440  1561  1468  1485  1457  1451  1491  1540  1525  1573  1407  1529  1433  1470  1594  1516  1497  1558  1495  1541  
1471  1543  1525  1500  1486  1511  1557  1471  1589  1529  1578  1544  1537  1528  1458  1558  1507  1523  1563  1554  
1475  1461  1390  1507  1485  1514  1475  1530  1481  1407  1616  1503  1578  1476  1537  1478  1508  1520  1530  1517  
1613  1492  1529  1426  1477  1540  1536  1497  1504  1501  1558  1500  1472  1494  1521  1480  1415  1542  1513  1495  
1492  1557  1591  1487  1554  1421  1478  1579  1516  1496  1508  1492  1519  1577  1542  1493  1429  1496  1492  1438  
1520  1505  1569  1596  1536  1571  1485  1440  1539  1524  1414  1437  1525  1490  1430  1518  1440  1532  1526  1383  
1476  1507  1491  1533  1509  1534  1452  1560  1513  1464  1493  1511  1414  1487  1513  1541  1456  1434  1515  1430  
1468  1489  1431  1505  1433  1526  1609  1496  1511  1487  1442  1535  1520  1536  1442  1571  1511  1551  1481  1434  
1505  1468  1511  1507  1520  1438  1470  1517  1445  1499  1498  1549  1527  1491  1529  1406  1507  1487  1588  1536  
1514  1513  1617  1559  1524  1490  1476  1580  1537  1507  1463  1501  1492  1493  1492  1483  1527  1523  1437  1500  
1537  1525  1396  1509  1464  1449  1567  1415  1459  1500  1474  1522  1508  1540  1521  1498  1579  1469  1548  1467  
1456  1472  1589  1542  1532  1486  1482  1471  1464  1452  1539  1496  1498  1522  1491  1504  1566  1497  1500  1506  
1456  1482  1541  1448  1504  1560  1513  1465  1552  1535  1470  1503  1508  1402  1449  1546  1459  1541  1518  1470  
1448  1445  1514  1494  1498  1527  1494  1569  1442  1538  1479  1442  1499  1563  1529  1482  1533  1513  1424  1507  
1511  1483  1525  1528  1478  1472  1440  1483  1419  1428  1542  1514  1495  1503  1516  1483  1496  1513  1509  1524  
