1.19934
1503  1447  1548  1488  1482  1590  1515  1573  1529  1497  1439  1468  1473  1470  1518  1490  1474  1445  1508  1515  
1494  1513  1436  1439  1471  1529  1471  1452  1494  1643  1504  1528  1516  1562  1459  1535  1449  1531  1470  1491  
1542  1524  1438  1531  1497  1429  1469  1434  1482  1609  1623  1453  1451  1493  1488  1580  1546  1556  1457  1469  
1519  1468  1537  1473  1466  1490  1484  1506  1510  1462  1592  1532  1425  1489  1532  1562  1526  1502  1584  1516  
1483  1533  1479  1490  1508  1557  1503  1493  1484  1460  1444  1549  1454  1561  1457  1463  1552  1582  1501  1502  
1509  1556  1505  1470  1546  1388  1442  1506  1500  1496  1497  1508  1515  1575  1498  1519  1469  1510  1531  1449  
1485  1461  1471  1458  1450  1527  1472  1518  1511  1576  1530  1496  1439  1576  1503  1517  1463  1439  1550  1469  
1482  1527  1568  1479  1518  1512  1466  1496  1550  1510  1525  1492  1475  1490  1487  1495  1411  1477  1434  1539  
1546  1499  1522  1445  1482  1441  1553  1453  1515  1550  1465  1530  1488  1481  1475  1471  1526  1508  1497  1515  
1460  1505  1447  1442  1501  1483  1476  1527  1537  1589  1524  1493  1519  1521  1510  1510  1508  1493  1470  1456  
1523  1529  1481  1475  1524  1481  1485  1530  1436  1447  1514  1549  1537  1512  1466  1498  1575  1566  1448  1497  
1562  1466  1450  1395  1423  1566  1542  1457  1520  1423  1469  1489  1513  1603  1505  1530  1547  1470  1535  1457  
1427  1432  1432  1536  1501  1536  1479  1408  1440  1504  1492  1484  1515  1542  1483  1483  1456  1534  1506  1518  
1596  1605  1478  1543  1513  1506  1512  1501  1563  1499  1542  1533  1533  1490  1567  1493  1441  1534  1452  1457  
1443  1517  1484  1559  1440  1527  1467  1506  1490  1504  1511  1548  1525  1527  1547  1591  1468  1510  1506  1548  
1471  1479  1559  1518  1430  1578  1505  1431  1457  1514  1480  1430  1453  1493  1547  1556  1465  1529  1383  1460  
1422  1476  1494  1503  1480  1494  1475  1544  1514  1524  1504  1565  1427  1503  1466  1415  1537  1503  1568  1512  
1578  1467  1597  1463  1474  1524  1523  1482  1543  1576  1561  1501  1530  1518  1431  1540  1502  1446  1568  1558  
1495  1500  1523  1468  1480  1585  1552  1552  1474  1507  1482  1479  1465  1503  1532  1457  1507  1478  1565  1490  
1530  1511  1442  1462  1471  1616  1473  1482  1523  1503  1465  1528  1472  1462  1524  1485  1515  1508  1502  1585  
