1.20146
1521  1535  1623  1519  1557  1563  1447  1513  1544  1529  1508  1492  1455  1504  1568  1504  1489  1508  1447  1455  
1532  1477  1569  1510  1535  1530  1415  1428  1495  1521  1512  1469  1539  1530  1557  1495  1521  1535  1503  1467  
1467  1541  1561  1506  1490  1521  1522  1477  1517  1515  1475  1448  1495  1500  1476  1449  1501  1565  1403  1529  
1518  1519  1468  1518  1510  1521  1524  1447  1517  1501  1530  1499  1543  1490  1505  1551  1560  1477  1539  1416  
1399  1561  1406  1487  1530  1523  1569  1501  1539  1496  1477  1516  1469  1426  1509  1510  1552  1501  1496  1522  
1475  1393  1437  1461  1503  1466  1412  1488  1430  1523  1518  1516  1467  1444  1465  1410  1529  1548  1531  1517  
1437  1528  1541  1469  1585  1527  1482  1503  1442  1547  1433  1453  1505  1465  1567  1487  1545  1504  1525  1519  
1476  1535  1529  1551  1497  1534  1489  1535  1536  1422  1422  1491  1559  1494  1553  1497  1522  1462  1510  1417  
1557  1451  1508  1513  1451  1502  1541  1530  1409  1399  1459  1523  1503  1478  1562  1607  1477  1535  1497  1489  
1432  1521  1460  1437  1519  1493  1555  1440  1536  1484  1502  1517  1487  1524  1496  1503  1474  1568  1580  1476  
1469  1501  1495  1451  1548  1450  1518  1484  1446  1516  1518  1522  1433  1440  1496  1526  1577  1435  1465  1487  
1545  1477  1565  1453  1547  1542  1456  1468  1510  1487  1421  1458  1447  1597  1580  1457  1507  1517  1485  1539  
1499  1460  1529  1519  1525  1454  1442  1507  1455  1523  1540  1510  1527  1495  1500  1522  1491  1489  1457  1534  
1434  1466  1467  1422  1572  1546  1498  1487  1424  1525  1531  1439  1496  1537  1489  1487  1454  1490  1512  1442  
1489  1516  1543  1544  1467  1444  1536  1531  1571  1403  1512  1496  1579  1434  1612  1475  1502  1456  1526  1544  
1524  1510  1552  1499  1449  1481  1555  1438  1571  1491  1469  1544  1542  1573  1517  1534  1441  1526  1514  1489  
1522  1495  1442  1511  1515  1450  1512  1513  1483  1544  1557  1552  1511  1552  1449  1505  1424  1562  1469  1453  
1584  1549  1509  1465  1415  1527  1450  1532  1480  1449  1394  1447  1537  1508  1532  1544  1499  1514  1533  1562  
1451  1527  1553  1518  1476  1501  1432  1468  1550  1488  1478  1543  1428  1489  1493  1455  1485  1469  1511  1533  
1494  1499  1468  1540  1514  1485  1553  1489  1557  1543  1563  1506  1553  1537  1454  1506  1503  1477  1566  1485  
