1.20101
1444  1454  1513  1554  1519  1496  1505  1482  1463  1498  1484  1412  1441  1534  1534  1484  1503  1539  1450  1568  
1459  1427  1430  1525  1490  1464  1517  1480  1484  1573  1549  1546  1468  1532  1520  1543  1475  1513  1458  1496  
1450  1504  1460  1449  1488  1453  1534  1488  1506  1397  1476  1541  1459  1491  1534  1444  1489  1501  1506  1557  
1517  1458  1541  1493  1505  1499  1516  1462  1441  1601  1455  1505  1501  1544  1512  1563  1506  1538  1429  1519  
1464  1447  1536  1473  1441  1535  1415  1573  1498  1460  1479  1510  1545  1511  1516  1551  1456  1514  1610  1541  
1505  1473  1465  1489  1507  1488  1488  1474  1484  1505  1562  1443  1518  1525  1551  1528  1436  1572  1546  1422  
1454  1477  1539  1459  1528  1526  1557  1475  1487  1507  1542  1498  1529  1457  1477  1536  1536  1526  1447  1507  
1482  1533  1430  1331  1504  1482  1678  1460  1502  1533  1535  1533  1483  1468  1518  1495  1527  1565  1538  1530  
1535  1453  1469  1497  1557  1502  1518  1473  1467  1511  1486  1551  1541  1519  1551  1537  1515  1485  1468  1429  
1513  1557  1504  1549  1534  1483  1611  1503  1511  1504  1549  1521  1513  1491  1499  1462  1456  1558  1441  1531  
1534  1526  1487  1499  1497  1506  1519  1380  1439  1587  1454  1536  1574  1487  1478  1525  1515  1510  1511  1515  
1557  1474  1518  1514  1473  1485  1541  1518  1480  1500  1433  1467  1498  1541  1542  1459  1509  1489  1554  1496  
1490  1525  1539  1567  1477  1450  1486  1445  1489  1487  1483  1491  1536  1506  1477  1477  1478  1472  1471  1430  
1523  1497  1589  1576  1445  1491  1497  1412  1468  1457  1527  1514  1482  1516  1458  1473  1470  1531  1493  1573  
1485  1427  1499  1474  1640  1488  1520  1458  1551  1493  1479  1500  1511  1514  1500  1440  1482  1600  1382  1541  
1529  1533  1552  1535  1526  1525  1409  1516  1468  1529  1441  1489  1590  1458  1481  1540  1508  1466  1557  1524  
1569  1536  1553  1507  1490  1504  1452  1539  1446  1409  1523  1532  1538  1470  1516  1448  1519  1547  1464  1501  
1514  1435  1521  1509  1507  1515  1526  1452  1476  1578  1435  1500  1495  1474  1531  1480  1560  1459  1481  1424  
1418  1540  1445  1470  1462  1541  1548  1464  1478  1516  1515  1480  1469  1461  1592  1489  1500  1487  1592  1490  
1514  1479  1534  1534  1494  1435  1472  1551  1481  1454  1528  1490  1501  1567  1482  1568  1453  1490  1492  1437  
