1.20096
1496  1574  1456  1521  1479  1417  1541  1459  1577  1539  1507  1573  1553  1438  1485  1498  1520  1515  1519  1442  
1523  1561  1524  1524  1468  1488  1460  1484  1570  1580  1488  1476  1519  1504  1558  1435  1554  1554  1452  1523  
1489  1537  1444  1445  1541  1484  1466  1454  1523  1532  1502  1439  1408  1491  1507  1497  1536  1437  1523  1473  
1517  1569  1520  1480  1474  1583  1454  1450  1461  1479  1452  1493  1466  1484  1541  1475  1475  1515  1572  1417  
1568  1485  1484  1485  1467  1503  1420  1520  1533  1529  1492  1497  1463  1535  1550  1454  1495  1526  1486  1498  
1517  1532  1535  1525  1393  1525  1520  1503  1651  1469  1478  1552  1481  1489  1546  1504  1453  1579  1454  1482  
1510  1480  1540  1527  1515  1555  1557  1543  1546  1520  1604  1549  1509  1496  1523  1537  1498  1539  1478  1542  
1479  1416  1427  1475  1473  1456  1475  1522  1431  1434  1550  1516  1536  1508  1506  1489  1470  1541  1514  1444  
1409  1559  1479  1492  1527  1482  1554  1440  1468  1467  1461  1486  1488  1491  1581  1427  1483  1522  1505  1467  
1517  1530  1483  1501  1470  1533  1510  1478  1520  1582  1503  1463  1435  1515  1500  1491  1457  1520  1551  1452  
1443  1409  1479  1514  1488  1481  1541  1486  1463  1493  1437  1483  1543  1482  1503  1551  1469  1489  1508  1507  
1514  1473  1478  1556  1430  1485  1565  1589  1536  1496  1506  1525  1444  1446  1565  1486  1437  1490  1499  1509  
1535  1526  1584  1530  1489  1462  1436  1485  1565  1455  1472  1508  1514  1558  1412  1498  1461  1409  1488  1478  
1519  1565  1504  1571  1591  1430  1517  1447  1495  1546  1560  1423  1465  1466  1475  1545  1596  1512  1487  1541  
1540  1548  1493  1465  1499  1488  1438  1455  1560  1540  1541  1512  1508  1483  1525  1533  1547  1472  1575  1439  
1497  1539  1510  1566  1528  1582  1553  1547  1563  1458  1511  1469  1456  1426  1501  1532  1497  1447  1455  1497  
1496  1439  1472  1480  1504  1442  1421  1552  1482  1529  1476  1478  1507  1425  1494  1516  1541  1601  1425  1517  
1457  1497  1476  1631  1519  1554  1473  1411  1554  1484  1530  1460  1573  1584  1519  1425  1518  1496  1485  1562  
1556  1548  1491  1506  1475  1426  1460  1489  1568  1527  1573  1454  1430  1487  1540  1547  1481  1459  1511  1434  
1573  1459  1513  1575  1439  1568  1482  1464  1572  1456  1536  1505  1457  1520  1511  1609  1437  1491  1458  1488  
