1.20022
1495  1509  1451  1514  1585  1567  1537  1490  1561  1546  1488  1524  1460  1513  1535  1463  1509  1509  1447  1540  
1448  1476  1553  1516  1512  1553  1507  1465  1401  1495  1546  1508  1409  1511  1518  1547  1532  1487  1532  1491  
1484  1448  1495  1545  1425  1513  1510  1443  1518  1586  1523  1542  1466  1527  1509  1493  1545  1576  1594  1526  
1554  1560  1523  1459  1519  1482  1490  1529  1490  1521  1513  1455  1509  1477  1576  1511  1481  1546  1488  1443  
1519  1491  1552  1553  1481  1517  1577  1482  1558  1547  1470  1387  1501  1475  1478  1552  1494  1514  1554  1511  
1495  1524  1521  1523  1503  1526  1487  1526  1581  1468  1505  1502  1552  1463  1471  1480  1484  1531  1511  1489  
1469  1444  1471  1470  1553  1508  1566  1429  1535  1442  1537  1473  1454  1531  1514  1571  1545  1537  1587  1559  
1455  1485  1504  1489  1462  1560  1475  1513  1481  1458  1497  1453  1496  1491  1453  1436  1517  1546  1513  1487  
1491  1429  1555  1542  1493  1503  1477  1457  1543  1461  1544  1455  1510  1493  1557  1420  1486  1552  1453  1539  
1578  1569  1542  1456  1406  1451  1452  1510  1501  1448  1419  1476  1503  1496  1519  1476  1517  1434  1457  1436  
1463  1500  1552  1500  1488  1470  1506  1448  1514  1586  1446  1490  1521  1508  1524  1519  1514  1522  1484  1462  
1502  1598  1494  1517  1527  1523  1475  1513  1482  1453  1535  1449  1550  1495  1519  1484  1473  1488  1585  1457  
1606  1481  1502  1491  1588  1475  1584  1462  1548  1544  1481  1539  1463  1505  1479  1492  1563  1484  1508  1508  
1536  1488  1535  1520  1463  1451  1534  1490  1482  1525  1522  1541  1440  1493  1556  1533  1456  1472  1455  1496  
1442  1516  1456  1470  1397  1509  1412  1459  1441  1439  1495  1491  1503  1473  1506  1433  1525  1556  1491  1511  
1524  1482  1441  1433  1475  1440  1462  1515  1481  1490  1461  1526  1528  1506  1437  1453  1429  1517  1592  1484  
1516  1438  1515  1471  1514  1535  1461  1455  1477  1556  1524  1507  1498  1524  1495  1440  1469  1514  1560  1506  
1563  1483  1514  1480  1496  1478  1516  1476  1531  1483  1492  1453  1508  1510  1453  1545  1492  1454  1545  1492  
1503  1513  1406  1501  1523  1507  1607  1582  1467  1489  1402  1478  1514  1526  1436  1446  1524  1531  1529  1527  
1477  1575  1489  1466  1533  1489  1466  1524  1503  1481  1478  1466  1415  1457  1587  1405  1509  1546  1529  1526  
