1.19887
1476  1519  1420  1538  1515  1595  1502  1505  1470  1508  1557  1486  1441  1495  1522  1498  1482  1469  1469  1487  
1503  1507  1527  1500  1450  1462  1548  1488  1473  1586  1502  1555  1418  1464  1578  1417  1510  1519  1462  1476  
1474  1507  1469  1506  1589  1446  1496  1448  1436  1486  1464  1510  1437  1575  1461  1474  1540  1522  1561  1472  
1473  1512  1454  1535  1515  1531  1461  1451  1456  1516  1475  1414  1472  1476  1523  1461  1458  1514  1487  1516  
1527  1521  1411  1472  1548  1493  1448  1546  1552  1515  1551  1485  1539  1481  1550  1453  1496  1461  1525  1416  
1493  1413  1485  1447  1449  1552  1510  1507  1475  1533  1518  1519  1541  1441  1398  1584  1535  1477  1480  1443  
1561  1511  1543  1510  1476  1497  1526  1489  1516  1457  1533  1449  1494  1510  1478  1476  1625  1487  1531  1442  
1571  1525  1409  1476  1523  1498  1433  1466  1504  1442  1411  1501  1579  1522  1418  1489  1483  1463  1519  1499  
1507  1559  1494  1509  1505  1567  1531  1533  1552  1573  1542  1562  1512  1515  1457  1473  1461  1494  1451  1458  
1615  1519  1528  1515  1506  1490  1445  1439  1435  1473  1554  1397  1517  1494  1475  1547  1434  1475  1460  1492  
1506  1574  1537  1392  1408  1468  1556  1442  1555  1467  1455  1520  1473  1507  1457  1481  1577  1519  1512  1498  
1466  1549  1598  1498  1440  1496  1476  1523  1553  1509  1514  1528  1424  1479  1477  1544  1486  1494  1517  1444  
1507  1586  1523  1560  1445  1473  1449  1449  1608  1505  1499  1519  1504  1477  1474  1539  1547  1595  1537  1457  
1428  1470  1500  1472  1543  1486  1448  1453  1541  1521  1489  1503  1469  1505  1469  1494  1544  1561  1499  1528  
1516  1465  1555  1521  1500  1514  1471  1469  1474  1523  1602  1499  1493  1523  1568  1568  1550  1507  1513  1458  
1466  1481  1478  1500  1529  1485  1481  1507  1446  1533  1456  1471  1478  1530  1499  1526  1464  1514  1526  1552  
1491  1612  1527  1479  1507  1476  1530  1486  1446  1509  1462  1488  1465  1514  1539  1540  1484  1620  1489  1593  
1480  1515  1507  1534  1534  1512  1561  1436  1438  1532  1501  1498  1483  1554  1562  1521  1458  1441  1475  1479  
1568  1563  1469  1473  1472  1538  1520  1436  1509  1458  1398  1521  1455  1488  1445  1467  1351  1504  1564  1484  
1517  1501  1544  1540  1434  1525  1441  1489  1493  1449  1491  1539  1542  1517  1479  1489  1498  1533  1467  1469  
