1.17274
1349  1275  1334  1438  1334  1415  1377  1469  1409  1442  1503  1493  1436  1390  1474  1388  1383  1425  1363  1368  
1347  1284  1326  1426  1379  1393  1400  1429  1464  1476  1429  1428  1377  1370  1450  1410  1327  1351  1450  1290  
1382  1347  1360  1357  1443  1439  1396  1537  1415  1499  1437  1472  1461  1445  1380  1496  1382  1398  1326  1345  
1367  1402  1385  1301  1389  1516  1478  1554  1426  1470  1493  1456  1488  1456  1505  1453  1338  1404  1335  1352  
1339  1400  1387  1350  1471  1458  1472  1539  1604  1528  1541  1633  1525  1492  1420  1406  1418  1409  1465  1431  
1342  1443  1518  1424  1506  1469  1529  1563  1416  1594  1529  1527  1529  1575  1446  1529  1475  1513  1468  1384  
1452  1416  1529  1402  1551  1606  1612  1485  1617  1673  1626  1617  1536  1511  1600  1455  1406  1526  1444  1433  
1501  1485  1454  1382  1488  1550  1529  1573  1532  1668  1596  1561  1574  1679  1538  1557  1411  1446  1493  1367  
1414  1484  1459  1496  1471  1536  1551  1637  1613  1617  1608  1677  1674  1576  1626  1447  1440  1420  1381  1422  
1525  1459  1442  1487  1549  1539  1581  1605  1615  1690  1665  1619  1648  1607  1554  1464  1505  1437  1544  1517  
1491  1470  1462  1508  1549  1590  1557  1537  1710  1592  1565  1670  1566  1604  1506  1511  1559  1483  1464  1443  
1443  1499  1443  1514  1512  1636  1584  1632  1623  1715  1632  1628  1599  1566  1610  1512  1531  1477  1487  1574  
1437  1404  1429  1517  1506  1524  1606  1630  1540  1640  1610  1558  1588  1528  1497  1503  1476  1468  1434  1461  
1415  1366  1402  1381  1416  1556  1608  1530  1587  1506  1587  1580  1558  1496  1475  1532  1412  1449  1419  1503  
1377  1357  1425  1473  1473  1470  1573  1600  1542  1586  1547  1511  1526  1491  1555  1467  1433  1502  1455  1364  
1382  1401  1384  1383  1460  1492  1563  1504  1535  1568  1557  1516  1499  1544  1478  1503  1363  1373  1382  1365  
1468  1364  1410  1386  1451  1441  1483  1454  1490  1490  1465  1522  1476  1540  1434  1387  1407  1351  1359  1348  
1419  1388  1479  1363  1409  1461  1474  1502  1443  1461  1492  1484  1457  1484  1385  1373  1429  1427  1328  1383  
1315  1365  1326  1395  1400  1380  1395  1464  1439  1476  1461  1485  1452  1449  1397  1351  1509  1418  1415  1345  
1356  1413  1378  1428  1481  1361  1437  1408  1372  1439  1450  1469  1442  1489  1374  1394  1260  1391  1389  1332  
