1.19978
1472  1500  1487  1504  1525  1539  1486  1485  1464  1543  1454  1392  1511  1545  1537  1563  1530  1437  1543  1473  
1516  1550  1509  1517  1494  1534  1457  1476  1434  1477  1572  1522  1538  1486  1504  1518  1478  1585  1491  1540  
1520  1520  1545  1516  1478  1448  1498  1478  1469  1527  1597  1556  1523  1467  1598  1462  1552  1471  1480  1545  
1511  1518  1518  1483  1538  1485  1502  1481  1484  1527  1515  1458  1543  1469  1496  1568  1490  1527  1464  1480  
1526  1501  1458  1467  1492  1485  1569  1550  1490  1437  1568  1493  1431  1526  1510  1562  1547  1498  1542  1544  
1426  1512  1483  1511  1433  1480  1451  1495  1460  1504  1494  1560  1466  1418  1551  1496  1578  1582  1547  1455  
1536  1513  1536  1496  1496  1464  1472  1542  1525  1478  1496  1496  1481  1482  1510  1473  1523  1404  1474  1542  
1463  1476  1451  1449  1471  1484  1485  1514  1537  1452  1501  1468  1575  1592  1497  1483  1530  1515  1481  1503  
1472  1458  1538  1434  1576  1521  1464  1446  1438  1472  1540  1516  1559  1554  1536  1480  1552  1555  1524  1495  
1462  1532  1424  1555  1433  1571  1482  1418  1530  1503  1438  1483  1524  1513  1455  1468  1449  1485  1467  1414  
1608  1588  1483  1477  1456  1511  1488  1512  1486  1527  1487  1510  1505  1558  1508  1531  1450  1571  1433  1542  
1520  1516  1526  1478  1453  1475  1462  1442  1571  1446  1473  1526  1470  1472  1540  1500  1490  1480  1493  1521  
1506  1504  1370  1594  1519  1531  1532  1481  1487  1571  1457  1523  1579  1484  1505  1520  1473  1508  1504  1500  
1508  1504  1416  1478  1485  1572  1501  1443  1575  1541  1501  1561  1526  1440  1511  1433  1465  1478  1495  1473  
1494  1515  1473  1428  1457  1531  1570  1463  1577  1501  1492  1421  1476  1598  1559  1548  1509  1420  1491  1469  
1547  1537  1482  1474  1539  1501  1477  1481  1529  1484  1536  1502  1611  1507  1496  1474  1518  1551  1519  1522  
1527  1465  1508  1526  1539  1512  1424  1441  1485  1547  1485  1496  1574  1447  1508  1518  1481  1515  1469  1500  
1496  1486  1490  1493  1522  1498  1457  1456  1496  1504  1501  1418  1481  1552  1584  1492  1498  1510  1465  1495  
1475  1527  1481  1525  1435  1495  1524  1523  1533  1497  1503  1455  1501  1544  1404  1473  1484  1459  1498  1493  
1478  1489  1464  1444  1550  1492  1414  1489  1493  1527  1462  1463  1483  1530  1515  1522  1477  1417  1456  1562  
