1.1995
1497  1466  1523  1479  1524  1539  1462  1481  1469  1410  1501  1487  1444  1440  1561  1479  1534  1504  1425  1435  
1500  1538  1531  1484  1541  1410  1543  1566  1480  1509  1537  1482  1538  1494  1520  1491  1460  1497  1449  1468  
1509  1513  1502  1483  1461  1443  1400  1536  1569  1571  1466  1469  1515  1481  1526  1548  1523  1462  1482  1561  
1569  1459  1549  1489  1455  1485  1503  1479  1469  1419  1534  1363  1435  1484  1506  1493  1487  1525  1423  1446  
1524  1486  1431  1524  1439  1471  1544  1512  1573  1481  1620  1512  1521  1507  1546  1572  1473  1580  1442  1556  
1432  1462  1572  1461  1535  1542  1531  1492  1544  1450  1513  1480  1473  1458  1489  1498  1572  1477  1465  1505  
1529  1508  1497  1528  1512  1463  1513  1537  1436  1483  1432  1449  1457  1582  1473  1437  1483  1498  1535  1504  
1653  1510  1507  1500  1543  1557  1492  1401  1466  1474  1496  1438  1510  1508  1403  1523  1467  1577  1558  1547  
1556  1505  1545  1510  1562  1498  1520  1567  1521  1541  1464  1500  1479  1481  1450  1471  1504  1447  1430  1472  
1588  1501  1554  1511  1504  1442  1498  1519  1550  1496  1513  1447  1538  1509  1450  1463  1417  1535  1437  1527  
1528  1428  1514  1518  1537  1510  1570  1449  1533  1500  1451  1573  1431  1466  1490  1548  1496  1471  1560  1589  
1549  1484  1426  1530  1534  1499  1440  1432  1586  1504  1524  1520  1433  1562  1478  1506  1551  1506  1600  1527  
1479  1564  1467  1500  1547  1497  1460  1494  1503  1487  1540  1541  1481  1450  1480  1553  1524  1517  1531  1441  
1568  1525  1429  1506  1460  1574  1505  1496  1537  1466  1514  1519  1502  1614  1519  1424  1491  1481  1514  1513  
1519  1499  1555  1487  1546  1509  1491  1480  1443  1546  1562  1557  1512  1446  1524  1456  1465  1455  1492  1468  
1535  1406  1477  1514  1484  1523  1490  1552  1517  1444  1537  1557  1505  1484  1530  1599  1473  1578  1521  1488  
1439  1471  1466  1485  1556  1485  1500  1481  1369  1547  1540  1488  1508  1463  1516  1442  1523  1517  1524  1512  
1427  1541  1496  1522  1500  1561  1493  1431  1580  1478  1504  1492  1496  1539  1504  1542  1469  1450  1598  1472  
1495  1483  1456  1462  1565  1482  1589  1435  1521  1514  1516  1467  1480  1475  1515  1518  1565  1532  1442  1487  
1420  1526  1462  1494  1422  1471  1435  1475  1498  1472  1659  1530  1445  1505  1495  1493  1462  1535  1490  1484  
