1.19791
1461  1504  1499  1602  1525  1516  1599  1457  1529  1571  1505  1514  1528  1470  1544  1436  1535  1502  1435  1503  
1434  1574  1422  1453  1549  1474  1536  1497  1498  1531  1462  1403  1473  1530  1466  1536  1540  1515  1546  1421  
1535  1467  1516  1505  1501  1452  1475  1475  1527  1477  1526  1432  1500  1466  1467  1499  1466  1527  1516  1463  
1591  1387  1481  1467  1563  1581  1418  1505  1469  1460  1506  1510  1518  1445  1529  1514  1480  1479  1476  1481  
1490  1495  1546  1497  1519  1436  1505  1481  1493  1570  1477  1498  1432  1453  1462  1474  1456  1464  1502  1456  
1507  1492  1481  1441  1523  1501  1538  1506  1494  1516  1465  1482  1515  1519  1496  1537  1434  1468  1532  1493  
1525  1484  1531  1568  1561  1513  1534  1547  1426  1483  1529  1433  1515  1421  1520  1526  1460  1463  1445  1476  
1505  1542  1599  1512  1537  1482  1486  1509  1458  1488  1383  1548  1492  1512  1518  1499  1410  1502  1425  1521  
1489  1551  1450  1518  1545  1451  1446  1469  1520  1517  1537  1492  1519  1415  1482  1515  1437  1507  1471  1405  
1480  1567  1541  1528  1458  1446  1415  1428  1435  1580  1573  1461  1505  1477  1410  1491  1512  1544  1565  1467  
1531  1533  1505  1586  1479  1492  1509  1518  1472  1464  1504  1456  1482  1430  1451  1500  1454  1514  1444  1453  
1477  1511  1558  1488  1457  1614  1538  1500  1493  1523  1557  1420  1514  1476  1478  1502  1505  1531  1503  1526  
1508  1400  1485  1506  1475  1451  1486  1485  1509  1541  1444  1453  1539  1434  1486  1498  1509  1480  1478  1517  
1520  1518  1507  1474  1517  1470  1477  1457  1523  1462  1513  1420  1528  1451  1537  1466  1462  1477  1478  1535  
1497  1540  1544  1512  1470  1518  1497  1478  1476  1438  1491  1514  1507  1444  1524  1497  1469  1556  1519  1552  
1496  1551  1538  1530  1489  1446  1577  1528  1542  1439  1457  1509  1541  1549  1484  1517  1410  1590  1424  1473  
1537  1487  1596  1494  1533  1568  1486  1537  1493  1477  1476  1435  1524  1528  1559  1455  1542  1544  1498  1484  
1523  1499  1537  1512  1556  1440  1558  1509  1568  1443  1474  1487  1477  1479  1468  1458  1476  1491  1479  1549  
1510  1433  1471  1499  1521  1528  1535  1440  1507  1537  1582  1462  1512  1502  1535  1495  1495  1544  1480  1545  
1485  1511  1380  1521  1487  1461  1476  1514  1544  1486  1523  1493  1456  1528  1550  1530  1495  1516  1505  1474  
