1.19987
1481  1562  1465  1592  1451  1474  1495  1488  1485  1464  1485  1491  1532  1651  1491  1553  1471  1520  1579  1461  
1479  1407  1424  1502  1487  1511  1493  1499  1461  1448  1431  1476  1536  1566  1472  1531  1453  1523  1549  1537  
1523  1536  1519  1475  1547  1511  1572  1495  1514  1515  1504  1591  1590  1528  1474  1529  1488  1501  1513  1498  
1427  1408  1464  1516  1497  1551  1493  1471  1492  1483  1542  1488  1529  1546  1473  1513  1417  1450  1353  1434  
1566  1446  1437  1562  1508  1507  1522  1468  1464  1518  1506  1460  1531  1479  1424  1587  1525  1573  1561  1448  
1534  1509  1450  1519  1516  1386  1537  1539  1507  1470  1552  1538  1438  1487  1500  1583  1560  1484  1506  1563  
1450  1498  1465  1502  1563  1503  1561  1529  1488  1489  1467  1538  1479  1519  1563  1510  1466  1436  1600  1523  
1509  1470  1515  1523  1513  1605  1496  1542  1470  1537  1454  1490  1469  1467  1524  1429  1531  1565  1423  1567  
1485  1480  1506  1534  1525  1489  1587  1539  1544  1501  1481  1489  1506  1568  1463  1555  1412  1544  1525  1469  
1540  1548  1513  1520  1489  1536  1524  1415  1490  1480  1514  1542  1531  1430  1497  1548  1466  1469  1480  1527  
1533  1412  1544  1499  1469  1450  1477  1513  1536  1486  1497  1451  1443  1557  1530  1476  1475  1497  1532  1563  
1462  1460  1540  1538  1455  1483  1520  1543  1459  1554  1505  1504  1529  1466  1504  1539  1416  1448  1433  1496  
1510  1486  1464  1509  1496  1606  1515  1427  1552  1549  1435  1584  1522  1491  1536  1525  1525  1501  1487  1470  
1470  1518  1455  1497  1562  1465  1544  1475  1475  1516  1458  1581  1480  1524  1488  1553  1494  1465  1493  1543  
1521  1462  1511  1433  1446  1472  1498  1471  1562  1470  1469  1522  1454  1460  1538  1524  1445  1434  1501  1486  
1461  1546  1512  1544  1484  1477  1493  1439  1504  1516  1549  1470  1477  1532  1464  1553  1505  1527  1511  1527  
1483  1477  1512  1549  1514  1453  1506  1408  1551  1461  1478  1498  1566  1539  1509  1547  1468  1490  1416  1491  
1480  1560  1511  1539  1478  1425  1447  1483  1487  1518  1501  1493  1490  1510  1517  1448  1557  1447  1514  1562  
1408  1503  1527  1480  1423  1506  1490  1426  1503  1458  1499  1481  1539  1450  1516  1563  1504  1523  1531  1498  
1495  1460  1501  1509  1499  1491  1561  1473  1511  1506  1511  1491  1438  1441  1511  1506  1553  1462  1501  1560  
