1.19693
1503  1546  1510  1544  1487  1477  1597  1521  1450  1436  1477  1506  1535  1467  1445  1480  1505  1516  1500  1537  
1531  1479  1489  1535  1431  1546  1495  1443  1475  1508  1453  1537  1472  1452  1534  1546  1401  1467  1489  1467  
1542  1560  1530  1472  1493  1525  1451  1421  1523  1498  1485  1505  1510  1534  1511  1371  1515  1475  1484  1499  
1528  1530  1441  1496  1525  1497  1394  1492  1549  1514  1443  1529  1436  1501  1569  1504  1529  1466  1461  1461  
1450  1481  1447  1424  1475  1471  1501  1453  1417  1462  1467  1523  1467  1462  1409  1457  1444  1522  1426  1477  
1448  1562  1426  1577  1436  1560  1521  1496  1492  1520  1493  1495  1479  1500  1436  1434  1475  1517  1473  1465  
1488  1574  1442  1456  1513  1448  1506  1508  1490  1463  1477  1537  1488  1532  1533  1519  1541  1509  1476  1438  
1466  1504  1507  1560  1498  1545  1491  1527  1480  1500  1539  1433  1428  1571  1483  1520  1505  1522  1523  1487  
1429  1533  1544  1628  1501  1533  1502  1558  1450  1470  1457  1532  1479  1507  1483  1507  1547  1578  1485  1473  
1531  1500  1494  1542  1575  1562  1533  1509  1550  1521  1585  1540  1551  1535  1476  1425  1565  1518  1550  1539  
1483  1552  1465  1444  1538  1499  1546  1567  1501  1484  1475  1500  1543  1422  1429  1498  1489  1446  1526  1534  
1461  1503  1446  1562  1470  1546  1545  1556  1483  1594  1513  1427  1513  1471  1493  1461  1532  1453  1471  1453  
1447  1491  1463  1524  1475  1506  1505  1464  1555  1428  1475  1548  1436  1454  1542  1487  1477  1557  1474  1527  
1436  1463  1509  1470  1462  1535  1442  1508  1434  1573  1486  1549  1477  1553  1427  1515  1507  1447  1527  1508  
1506  1488  1515  1514  1536  1497  1538  1536  1517  1386  1585  1576  1529  1503  1547  1434  1532  1359  1512  1545  
1459  1495  1513  1474  1474  1429  1455  1501  1530  1482  1499  1529  1512  1506  1521  1525  1599  1477  1508  1568  
1503  1493  1531  1445  1452  1554  1423  1516  1446  1506  1483  1544  1568  1502  1506  1474  1474  1553  1503  1431  
1558  1498  1520  1533  1468  1590  1449  1398  1467  1497  1508  1490  1451  1515  1551  1496  1538  1526  1525  1440  
1543  1484  1438  1544  1453  1481  1495  1538  1496  1466  1567  1450  1457  1501  1536  1505  1520  1476  1512  1412  
1434  1477  1471  1460  1492  1520  1434  1534  1528  1501  1459  1437  1576  1501  1550  1488  1470  1420  1426  1496  
