1.20261
1508  1480  1455  1518  1472  1630  1510  1576  1470  1488  1540  1500  1501  1494  1472  1526  1522  1531  1501  1505  
1456  1511  1522  1498  1501  1477  1483  1515  1502  1435  1452  1547  1590  1446  1451  1503  1460  1490  1526  1514  
1530  1516  1556  1516  1488  1475  1504  1470  1537  1408  1469  1545  1469  1466  1504  1411  1461  1504  1580  1527  
1484  1542  1507  1514  1501  1465  1491  1547  1531  1487  1482  1506  1455  1524  1527  1492  1459  1478  1481  1472  
1534  1477  1487  1491  1481  1481  1512  1506  1449  1507  1520  1556  1548  1520  1517  1495  1489  1615  1471  1525  
1568  1538  1442  1524  1491  1435  1487  1502  1462  1510  1531  1483  1524  1515  1497  1456  1520  1509  1552  1489  
1449  1472  1434  1490  1580  1548  1502  1425  1440  1437  1497  1528  1522  1533  1539  1471  1525  1488  1551  1650  
1496  1443  1560  1568  1479  1499  1534  1457  1503  1535  1539  1484  1550  1496  1532  1460  1526  1524  1464  1522  
1467  1536  1563  1520  1503  1464  1557  1470  1512  1524  1496  1468  1541  1469  1520  1470  1462  1431  1443  1494  
1473  1480  1508  1518  1423  1488  1530  1571  1504  1524  1499  1543  1469  1469  1520  1392  1492  1468  1524  1476  
1465  1467  1574  1505  1554  1504  1534  1546  1471  1481  1446  1570  1507  1500  1523  1541  1437  1466  1512  1495  
1458  1482  1563  1525  1539  1517  1479  1507  1482  1480  1546  1527  1501  1552  1541  1436  1473  1502  1573  1514  
1439  1521  1412  1439  1560  1499  1533  1508  1511  1439  1509  1524  1532  1481  1474  1463  1479  1488  1542  1597  
1436  1519  1569  1437  1563  1457  1583  1554  1547  1555  1394  1488  1483  1501  1498  1541  1485  1521  1457  1544  
1519  1471  1526  1497  1411  1511  1476  1521  1502  1565  1451  1460  1434  1460  1542  1495  1484  1416  1581  1480  
1493  1545  1559  1459  1481  1552  1455  1514  1500  1525  1480  1544  1561  1474  1441  1489  1472  1524  1469  1478  
1503  1509  1508  1437  1485  1537  1463  1476  1475  1592  1478  1499  1557  1505  1435  1567  1605  1505  1583  1444  
1557  1474  1521  1528  1482  1523  1576  1482  1533  1453  1452  1496  1532  1429  1444  1525  1527  1477  1466  1469  
1559  1544  1599  1501  1521  1504  1538  1537  1479  1533  1454  1483  1580  1505  1481  1492  1465  1426  1489  1482  
1464  1449  1482  1490  1444  1550  1512  1513  1468  1515  1513  1489  1552  1511  1486  1476  1485  1499  1587  1562  
