1.20098
1443  1502  1483  1556  1560  1540  1481  1514  1521  1560  1583  1496  1526  1498  1515  1498  1475  1504  1549  1555  
1490  1468  1494  1490  1509  1464  1529  1501  1462  1424  1525  1493  1446  1513  1511  1536  1554  1508  1421  1436  
1452  1495  1573  1512  1434  1418  1530  1554  1449  1519  1468  1543  1474  1510  1504  1514  1472  1451  1405  1523  
1511  1451  1475  1422  1469  1454  1548  1510  1535  1478  1511  1543  1493  1545  1452  1523  1511  1518  1474  1523  
1444  1476  1520  1536  1521  1522  1504  1454  1535  1537  1470  1551  1515  1489  1499  1414  1495  1579  1522  1508  
1447  1488  1522  1530  1498  1529  1496  1593  1464  1438  1425  1470  1467  1476  1485  1457  1491  1508  1431  1477  
1513  1463  1566  1492  1539  1456  1444  1542  1447  1488  1524  1476  1523  1548  1505  1515  1591  1505  1463  1502  
1458  1617  1538  1479  1495  1457  1571  1464  1541  1458  1444  1509  1571  1543  1526  1491  1487  1558  1441  1550  
1542  1517  1459  1530  1504  1493  1542  1483  1557  1475  1605  1513  1522  1608  1448  1506  1495  1507  1514  1452  
1545  1533  1492  1538  1551  1402  1540  1491  1509  1502  1522  1492  1541  1523  1554  1497  1513  1449  1480  1481  
1463  1485  1535  1457  1475  1528  1507  1563  1533  1474  1562  1538  1537  1432  1541  1504  1561  1477  1485  1556  
1523  1517  1520  1526  1495  1481  1448  1509  1427  1468  1522  1485  1469  1436  1471  1542  1448  1541  1561  1504  
1518  1460  1463  1566  1576  1491  1555  1546  1518  1535  1515  1465  1473  1504  1555  1464  1471  1498  1570  1518  
1485  1532  1571  1479  1529  1512  1544  1505  1494  1509  1498  1532  1517  1536  1432  1551  1480  1408  1515  1498  
1528  1507  1446  1455  1524  1468  1546  1539  1545  1430  1525  1562  1474  1473  1518  1532  1473  1429  1508  1542  
1496  1540  1467  1607  1514  1544  1466  1531  1468  1534  1496  1462  1568  1543  1478  1516  1509  1484  1526  1413  
1512  1480  1468  1514  1520  1528  1501  1396  1459  1457  1506  1450  1584  1461  1452  1496  1549  1513  1545  1444  
1565  1468  1521  1624  1511  1508  1510  1439  1518  1504  1508  1508  1465  1492  1492  1557  1603  1494  1502  1475  
1464  1460  1445  1589  1456  1531  1536  1511  1549  1434  1455  1543  1556  1502  1517  1460  1462  1489  1479  1491  
1511  1445  1572  1484  1533  1589  1504  1549  1472  1569  1528  1454  1455  1525  1531  1488  1524  1490  1510  1383  
