1.19331
1465  1546  1495  1492  1421  1477  1490  1463  1468  1465  1521  1525  1533  1557  1542  1430  1504  1533  1426  1508  
1409  1589  1505  1435  1586  1513  1485  1461  1512  1489  1492  1510  1456  1434  1514  1451  1424  1464  1544  1444  
1469  1491  1526  1442  1478  1508  1491  1525  1415  1442  1459  1478  1476  1489  1538  1498  1390  1431  1509  1480  
1464  1455  1474  1450  1528  1518  1502  1429  1457  1493  1459  1479  1483  1465  1468  1589  1484  1496  1425  1499  
1534  1425  1504  1485  1505  1529  1454  1586  1489  1594  1481  1481  1450  1541  1503  1472  1537  1469  1512  1425  
1446  1399  1547  1463  1454  1437  1501  1486  1491  1525  1519  1522  1446  1521  1526  1447  1461  1439  1520  1422  
1560  1507  1475  1482  1531  1504  1440  1603  1444  1504  1426  1473  1522  1515  1506  1540  1476  1556  1527  1509  
1439  1494  1546  1497  1449  1548  1551  1540  1516  1506  1516  1532  1472  1496  1499  1452  1469  1496  1428  1452  
1419  1536  1502  1481  1489  1463  1459  1552  1490  1521  1502  1495  1496  1533  1518  1490  1403  1518  1558  1503  
1495  1516  1474  1550  1514  1487  1480  1505  1596  1574  1505  1494  1510  1468  1511  1485  1462  1484  1584  1542  
1525  1508  1439  1526  1556  1560  1516  1508  1542  1514  1464  1508  1492  1509  1496  1454  1548  1456  1527  1519  
1432  1501  1557  1513  1517  1495  1464  1493  1485  1452  1485  1505  1560  1503  1463  1562  1521  1496  1446  1432  
1423  1463  1487  1523  1500  1471  1473  1480  1546  1529  1566  1540  1542  1540  1495  1502  1509  1468  1540  1505  
1422  1451  1444  1529  1505  1453  1555  1463  1498  1478  1498  1552  1556  1492  1529  1502  1521  1611  1457  1502  
1572  1506  1488  1447  1460  1449  1554  1467  1467  1569  1354  1498  1509  1510  1449  1444  1495  1462  1592  1519  
1454  1471  1443  1508  1483  1453  1498  1524  1512  1516  1460  1526  1465  1441  1450  1470  1482  1503  1478  1426  
1515  1576  1570  1484  1467  1502  1479  1532  1495  1471  1461  1495  1394  1446  1491  1400  1403  1498  1471  1602  
1418  1483  1547  1502  1545  1416  1460  1568  1482  1532  1498  1523  1479  1501  1506  1485  1489  1459  1443  1483  
1497  1501  1418  1456  1560  1459  1450  1459  1496  1517  1561  1431  1458  1414  1513  1454  1559  1463  1464  1441  
1538  1515  1535  1545  1382  1499  1497  1481  1614  1481  1537  1523  1471  1466  1595  1440  1528  1495  1496  1456  
