1.1986
1493  1515  1482  1520  1444  1485  1531  1565  1539  1488  1434  1441  1483  1467  1511  1430  1477  1502  1477  1475  
1503  1466  1481  1474  1491  1514  1458  1436  1492  1427  1518  1513  1467  1547  1536  1498  1510  1510  1552  1484  
1417  1486  1510  1508  1540  1547  1510  1478  1402  1513  1519  1449  1484  1529  1420  1475  1452  1508  1453  1458  
1540  1560  1521  1531  1606  1546  1468  1430  1519  1444  1525  1480  1525  1434  1490  1416  1551  1402  1502  1473  
1501  1502  1534  1491  1444  1499  1508  1485  1543  1479  1510  1426  1534  1448  1527  1484  1645  1615  1499  1546  
1488  1495  1456  1529  1504  1532  1461  1565  1386  1513  1592  1460  1453  1518  1534  1460  1528  1430  1496  1511  
1531  1485  1454  1517  1464  1479  1532  1540  1454  1497  1532  1542  1503  1482  1542  1527  1540  1431  1502  1492  
1546  1506  1506  1440  1489  1493  1447  1474  1409  1500  1545  1504  1581  1521  1509  1473  1508  1492  1542  1543  
1489  1489  1431  1544  1526  1522  1590  1454  1499  1493  1582  1528  1541  1510  1465  1477  1431  1603  1461  1465  
1518  1468  1480  1498  1526  1433  1506  1522  1477  1415  1468  1470  1447  1474  1463  1517  1540  1503  1536  1493  
1468  1552  1553  1521  1450  1483  1472  1473  1467  1453  1591  1418  1481  1471  1477  1550  1495  1586  1536  1545  
1539  1493  1528  1493  1482  1443  1495  1528  1483  1523  1518  1522  1530  1393  1445  1501  1542  1456  1557  1506  
1558  1527  1462  1528  1436  1439  1524  1457  1460  1576  1448  1606  1434  1467  1510  1479  1484  1435  1460  1577  
1547  1523  1434  1584  1464  1528  1581  1499  1438  1390  1533  1549  1474  1536  1475  1565  1493  1501  1488  1458  
1500  1510  1548  1429  1474  1494  1442  1449  1588  1529  1509  1527  1527  1513  1517  1465  1538  1496  1525  1466  
1516  1540  1520  1514  1422  1474  1508  1470  1524  1537  1428  1503  1523  1474  1559  1433  1521  1536  1496  1495  
1521  1451  1424  1585  1471  1485  1480  1569  1466  1555  1530  1506  1534  1526  1453  1445  1519  1508  1491  1568  
1497  1496  1500  1476  1598  1506  1504  1465  1465  1441  1441  1505  1520  1513  1497  1486  1523  1534  1464  1534  
1550  1552  1501  1510  1604  1450  1544  1457  1558  1495  1522  1470  1517  1514  1392  1501  1395  1503  1450  1480  
1513  1429  1526  1498  1480  1528  1567  1543  1518  1468  1488  1525  1407  1478  1525  1541  1533  1494  1482  1434  
