1.19995
1520  1478  1443  1486  1442  1540  1493  1536  1484  1469  1542  1494  1425  1486  1487  1496  1500  1470  1503  1549  
1486  1429  1582  1462  1454  1472  1521  1536  1509  1528  1464  1421  1453  1450  1505  1549  1535  1561  1506  1568  
1469  1499  1519  1516  1560  1549  1498  1519  1510  1441  1471  1514  1498  1451  1477  1523  1509  1489  1589  1520  
1433  1465  1497  1489  1530  1490  1497  1482  1409  1504  1505  1451  1474  1506  1506  1484  1567  1381  1508  1536  
1446  1540  1619  1519  1456  1497  1483  1489  1543  1477  1501  1470  1511  1573  1549  1512  1566  1493  1582  1562  
1493  1498  1475  1514  1483  1455  1459  1466  1488  1558  1556  1451  1458  1425  1598  1521  1542  1511  1514  1601  
1519  1469  1455  1456  1520  1428  1528  1487  1561  1465  1578  1530  1482  1526  1537  1523  1498  1491  1430  1478  
1564  1442  1454  1536  1470  1605  1525  1529  1480  1528  1537  1499  1590  1556  1448  1461  1540  1524  1488  1539  
1516  1514  1589  1497  1548  1434  1501  1473  1397  1607  1501  1393  1534  1517  1516  1470  1534  1426  1502  1498  
1493  1477  1487  1517  1525  1621  1524  1494  1431  1501  1498  1476  1465  1446  1481  1465  1525  1520  1480  1483  
1543  1469  1512  1442  1508  1518  1522  1491  1534  1610  1524  1468  1526  1526  1502  1523  1476  1473  1477  1478  
1514  1500  1486  1540  1522  1506  1557  1478  1481  1556  1533  1537  1491  1518  1492  1511  1390  1501  1475  1479  
1461  1488  1449  1523  1498  1506  1487  1535  1532  1450  1505  1475  1546  1494  1437  1442  1546  1475  1532  1389  
1519  1513  1498  1499  1541  1413  1511  1462  1503  1560  1531  1521  1487  1531  1466  1435  1550  1498  1470  1522  
1448  1557  1485  1486  1474  1484  1434  1447  1502  1484  1543  1515  1523  1485  1497  1453  1549  1481  1573  1478  
1593  1490  1457  1541  1450  1445  1492  1460  1526  1482  1482  1534  1452  1560  1428  1499  1428  1527  1489  1527  
1578  1511  1491  1551  1536  1455  1442  1495  1486  1446  1467  1460  1437  1496  1496  1535  1509  1523  1542  1458  
1532  1468  1514  1540  1525  1578  1514  1517  1587  1522  1499  1481  1481  1478  1470  1501  1466  1509  1480  1539  
1461  1593  1482  1482  1559  1495  1501  1499  1567  1408  1457  1501  1526  1502  1477  1502  1547  1487  1493  1424  
1427  1467  1442  1492  1467  1554  1476  1436  1381  1501  1446  1564  1534  1483  1422  1513  1450  1476  1541  1442  
