1.20011
1527  1464  1497  1576  1528  1474  1542  1544  1476  1386  1534  1439  1498  1518  1456  1543  1520  1479  1513  1478  
1494  1544  1574  1461  1511  1512  1481  1439  1418  1499  1455  1509  1491  1522  1463  1506  1434  1586  1410  1436  
1585  1563  1554  1510  1497  1402  1536  1464  1497  1520  1548  1385  1554  1530  1444  1481  1591  1548  1469  1505  
1435  1430  1492  1566  1521  1374  1520  1450  1531  1496  1501  1446  1551  1462  1537  1465  1498  1528  1443  1452  
1533  1528  1507  1487  1429  1583  1512  1436  1552  1486  1495  1506  1461  1567  1487  1560  1541  1499  1515  1436  
1476  1542  1478  1523  1505  1512  1510  1573  1422  1408  1525  1476  1516  1500  1588  1529  1528  1522  1521  1480  
1482  1485  1523  1527  1524  1494  1466  1536  1527  1522  1501  1527  1503  1434  1530  1513  1524  1479  1508  1579  
1444  1566  1488  1526  1499  1481  1466  1493  1499  1384  1456  1473  1468  1413  1448  1504  1523  1471  1571  1509  
1577  1522  1471  1481  1545  1520  1517  1570  1527  1579  1516  1394  1456  1545  1412  1529  1576  1519  1414  1488  
1611  1497  1497  1525  1494  1447  1469  1473  1565  1505  1549  1449  1495  1529  1462  1454  1580  1587  1509  1544  
1469  1423  1466  1495  1498  1518  1489  1578  1465  1438  1534  1576  1495  1422  1501  1530  1497  1476  1516  1576  
1503  1535  1475  1592  1473  1537  1319  1581  1516  1535  1493  1521  1451  1549  1374  1545  1541  1549  1473  1462  
1497  1550  1492  1549  1539  1475  1439  1437  1511  1564  1500  1574  1416  1553  1448  1506  1554  1499  1546  1485  
1532  1506  1485  1522  1507  1544  1517  1511  1534  1474  1427  1551  1530  1492  1504  1499  1533  1521  1402  1512  
1510  1494  1488  1565  1596  1529  1464  1471  1536  1521  1495  1563  1508  1493  1468  1565  1503  1509  1500  1500  
1472  1463  1472  1509  1530  1488  1524  1455  1526  1515  1491  1563  1486  1495  1611  1547  1429  1465  1455  1528  
1425  1504  1508  1453  1533  1568  1448  1503  1540  1492  1473  1504  1588  1432  1547  1455  1519  1560  1506  1541  
1467  1501  1495  1440  1443  1541  1515  1502  1499  1534  1547  1473  1513  1521  1473  1555  1394  1537  1466  1484  
1494  1496  1559  1504  1511  1522  1581  1563  1440  1472  1525  1453  1517  1458  1481  1564  1533  1499  1524  1464  
1567  1490  1419  1436  1520  1545  1460  1488  1444  1453  1471  1511  1557  1489  1489  1567  1508  1528  1443  1398  
