1.2004
1502  1519  1501  1552  1469  1495  1483  1501  1587  1535  1530  1459  1495  1554  1549  1546  1546  1460  1434  1519  
1528  1481  1458  1454  1443  1412  1485  1500  1473  1518  1401  1444  1539  1471  1550  1541  1501  1434  1549  1481  
1460  1522  1487  1485  1536  1522  1559  1462  1511  1490  1520  1475  1516  1532  1494  1575  1507  1550  1561  1532  
1504  1506  1522  1510  1476  1538  1467  1492  1550  1521  1437  1448  1494  1510  1503  1492  1452  1481  1549  1571  
1396  1538  1442  1516  1460  1475  1466  1476  1481  1461  1546  1440  1527  1467  1532  1592  1471  1563  1533  1555  
1516  1481  1529  1478  1555  1452  1462  1450  1455  1454  1500  1485  1518  1497  1464  1553  1517  1477  1481  1592  
1470  1468  1439  1444  1533  1447  1490  1477  1486  1592  1498  1446  1533  1474  1527  1503  1553  1578  1499  1472  
1564  1514  1491  1484  1529  1470  1608  1473  1538  1545  1534  1561  1459  1499  1558  1503  1540  1444  1488  1476  
1517  1545  1510  1514  1499  1521  1497  1465  1525  1479  1456  1523  1475  1468  1487  1501  1487  1542  1494  1538  
1530  1482  1493  1486  1553  1554  1478  1533  1518  1477  1507  1443  1508  1440  1458  1458  1490  1548  1438  1523  
1598  1440  1595  1525  1486  1508  1487  1530  1433  1515  1531  1526  1493  1558  1492  1426  1481  1451  1503  1533  
1526  1455  1515  1487  1511  1526  1514  1506  1533  1451  1560  1516  1460  1471  1503  1525  1519  1435  1480  1464  
1401  1520  1496  1514  1516  1546  1578  1488  1576  1529  1485  1569  1531  1597  1469  1522  1513  1494  1514  1463  
1572  1513  1544  1442  1507  1384  1443  1455  1473  1501  1550  1497  1483  1450  1504  1435  1525  1577  1427  1418  
1477  1543  1535  1487  1446  1552  1493  1496  1495  1527  1423  1567  1546  1446  1534  1480  1490  1531  1531  1482  
1510  1522  1447  1495  1504  1557  1496  1528  1477  1459  1516  1567  1476  1546  1438  1510  1396  1477  1474  1510  
1528  1537  1437  1550  1473  1518  1482  1462  1553  1513  1532  1539  1531  1490  1477  1529  1506  1496  1546  1538  
1549  1549  1499  1470  1578  1513  1476  1464  1429  1509  1386  1508  1461  1445  1519  1503  1450  1458  1493  1543  
1455  1522  1536  1480  1494  1480  1521  1476  1534  1454  1517  1456  1486  1488  1490  1474  1451  1507  1440  1454  
1606  1459  1521  1447  1510  1531  1428  1502  1510  1519  1529  1480  1520  1511  1540  1465  1452  1453  1384  1525  
