1.1842
1366  1514  1445  1482  1393  1488  1509  1420  1514  1439  1487  1480  1451  1481  1465  1516  1440  1460  1442  1482  
1413  1459  1491  1440  1436  1445  1471  1433  1454  1417  1491  1512  1464  1422  1448  1419  1460  1451  1464  1390  
1470  1345  1481  1466  1484  1555  1439  1482  1470  1516  1510  1414  1466  1479  1520  1533  1379  1448  1519  1397  
1382  1437  1454  1460  1490  1411  1484  1501  1439  1517  1514  1509  1444  1484  1472  1502  1436  1439  1505  1515  
1443  1473  1378  1508  1487  1485  1516  1412  1510  1519  1472  1491  1555  1545  1529  1526  1395  1402  1508  1505  
1499  1485  1429  1540  1537  1545  1446  1501  1479  1509  1479  1473  1498  1438  1480  1503  1477  1417  1415  1488  
1471  1470  1430  1477  1475  1509  1503  1543  1561  1569  1488  1563  1560  1490  1562  1508  1460  1501  1433  1540  
1485  1498  1494  1451  1498  1518  1530  1517  1552  1571  1496  1601  1445  1490  1485  1490  1496  1439  1480  1462  
1452  1499  1454  1503  1455  1525  1485  1515  1559  1499  1549  1548  1479  1519  1410  1489  1531  1472  1463  1476  
1435  1476  1505  1514  1508  1455  1564  1570  1605  1514  1560  1515  1497  1547  1488  1508  1487  1466  1501  1437  
1450  1534  1454  1498  1473  1537  1510  1467  1601  1514  1486  1525  1545  1498  1468  1480  1509  1469  1491  1572  
1484  1557  1502  1481  1459  1493  1469  1671  1492  1474  1490  1565  1538  1460  1531  1462  1499  1475  1491  1440  
1434  1479  1479  1449  1491  1527  1515  1535  1574  1573  1567  1504  1596  1553  1488  1495  1460  1587  1416  1496  
1442  1434  1439  1564  1505  1518  1539  1512  1525  1554  1460  1574  1458  1513  1519  1437  1479  1429  1453  1512  
1389  1499  1468  1480  1454  1505  1545  1451  1523  1529  1595  1465  1527  1515  1550  1477  1428  1507  1479  1442  
1478  1367  1486  1503  1482  1402  1415  1502  1513  1587  1600  1558  1491  1534  1588  1442  1493  1445  1515  1411  
1459  1464  1506  1444  1443  1550  1529  1497  1477  1558  1420  1448  1536  1524  1530  1443  1486  1497  1401  1429  
1466  1466  1495  1498  1427  1488  1522  1356  1546  1421  1452  1437  1437  1457  1454  1416  1485  1454  1443  1382  
1452  1441  1478  1509  1477  1531  1427  1515  1466  1460  1455  1499  1440  1453  1406  1484  1528  1466  1391  1464  
1372  1414  1487  1453  1483  1509  1464  1471  1471  1578  1460  1465  1506  1522  1486  1405  1434  1467  1460  1430  
