1.18755
1510  1519  1535  1430  1406  1507  1518  1493  1457  1499  1497  1444  1511  1480  1446  1459  1571  1459  1386  1441  
1430  1498  1481  1496  1486  1465  1460  1509  1471  1426  1403  1492  1529  1404  1492  1525  1450  1507  1487  1460  
1496  1450  1508  1461  1521  1442  1499  1506  1503  1448  1478  1515  1537  1479  1536  1413  1439  1497  1463  1460  
1381  1435  1476  1435  1551  1501  1516  1442  1477  1496  1428  1510  1459  1451  1483  1524  1496  1452  1451  1521  
1386  1490  1495  1475  1510  1554  1444  1527  1465  1514  1539  1475  1518  1511  1542  1487  1387  1466  1537  1409  
1490  1497  1481  1478  1450  1457  1510  1412  1501  1554  1486  1580  1533  1510  1502  1482  1488  1442  1416  1508  
1419  1449  1508  1528  1432  1491  1510  1559  1568  1549  1491  1462  1483  1422  1506  1495  1444  1513  1478  1546  
1565  1481  1465  1525  1496  1463  1491  1509  1553  1482  1500  1532  1545  1484  1470  1489  1512  1477  1467  1534  
1473  1412  1407  1400  1595  1455  1516  1491  1471  1506  1473  1452  1511  1461  1461  1496  1461  1480  1364  1475  
1489  1537  1474  1430  1494  1570  1486  1518  1570  1503  1526  1510  1573  1583  1408  1533  1527  1457  1493  1539  
1478  1495  1506  1498  1527  1597  1493  1511  1430  1496  1591  1478  1531  1405  1472  1497  1593  1525  1482  1484  
1536  1541  1519  1407  1470  1604  1554  1578  1574  1541  1518  1571  1464  1482  1460  1515  1488  1528  1502  1504  
1462  1473  1466  1534  1516  1457  1527  1594  1468  1528  1526  1508  1490  1629  1491  1539  1511  1446  1496  1416  
1429  1501  1442  1463  1504  1557  1453  1518  1509  1590  1451  1533  1484  1588  1544  1514  1509  1468  1507  1506  
1472  1421  1434  1491  1440  1515  1497  1582  1477  1482  1567  1517  1494  1534  1504  1446  1461  1470  1460  1465  
1507  1514  1433  1506  1435  1463  1496  1476  1536  1511  1482  1497  1463  1512  1509  1456  1549  1467  1485  1464  
1454  1436  1431  1439  1499  1452  1516  1484  1441  1478  1499  1453  1466  1443  1599  1438  1450  1504  1383  1464  
1476  1456  1435  1505  1475  1508  1564  1486  1533  1513  1450  1477  1524  1566  1404  1482  1486  1466  1440  1436  
1475  1442  1451  1552  1590  1446  1464  1458  1523  1416  1500  1495  1421  1461  1478  1524  1471  1502  1444  1493  
1484  1424  1416  1470  1488  1529  1534  1453  1467  1541  1465  1429  1476  1447  1437  1530  1478  1489  1454  1424  
