1.19979
1536  1499  1477  1432  1506  1560  1545  1478  1544  1500  1417  1504  1437  1550  1530  1461  1411  1480  1430  1478  
1497  1414  1477  1515  1459  1456  1512  1496  1591  1499  1516  1406  1493  1461  1538  1529  1474  1527  1514  1406  
1478  1564  1533  1487  1503  1512  1434  1480  1548  1478  1454  1469  1491  1460  1573  1500  1500  1476  1407  1510  
1545  1505  1502  1494  1495  1458  1526  1510  1567  1503  1533  1455  1463  1516  1457  1494  1467  1486  1547  1439  
1467  1527  1489  1523  1547  1551  1465  1393  1518  1594  1455  1415  1546  1481  1481  1500  1569  1469  1473  1456  
1485  1568  1619  1467  1499  1479  1501  1500  1555  1543  1486  1509  1498  1588  1460  1449  1465  1525  1509  1465  
1507  1485  1468  1492  1546  1492  1435  1573  1527  1488  1527  1469  1443  1431  1395  1504  1461  1460  1487  1481  
1464  1461  1541  1395  1591  1540  1558  1531  1500  1510  1569  1505  1477  1515  1508  1562  1449  1453  1455  1510  
1539  1484  1495  1487  1525  1516  1479  1514  1546  1608  1527  1636  1569  1504  1534  1483  1499  1515  1528  1499  
1506  1485  1456  1509  1480  1482  1447  1547  1468  1491  1592  1495  1522  1439  1409  1500  1470  1387  1506  1628  
1491  1515  1510  1491  1517  1596  1522  1498  1462  1536  1462  1420  1488  1535  1432  1439  1540  1546  1594  1535  
1511  1496  1469  1497  1505  1505  1489  1442  1515  1500  1436  1469  1558  1508  1551  1630  1497  1577  1556  1460  
1486  1557  1594  1514  1478  1475  1445  1499  1509  1427  1569  1469  1515  1554  1525  1494  1511  1593  1482  1546  
1483  1462  1480  1472  1524  1488  1404  1508  1556  1509  1468  1516  1453  1522  1467  1418  1531  1572  1451  1560  
1569  1469  1466  1424  1550  1479  1494  1490  1550  1442  1459  1469  1561  1432  1446  1406  1589  1553  1466  1561  
1480  1521  1458  1533  1489  1446  1535  1491  1459  1561  1502  1496  1536  1503  1507  1548  1414  1471  1501  1483  
1441  1627  1539  1477  1511  1464  1480  1498  1471  1475  1498  1470  1431  1441  1576  1537  1520  1546  1532  1534  
1516  1536  1493  1610  1479  1510  1522  1440  1472  1446  1473  1458  1588  1504  1522  1548  1462  1478  1414  1465  
1487  1536  1455  1453  1516  1539  1512  1504  1544  1530  1499  1545  1516  1535  1497  1487  1463  1525  1457  1476  
1566  1527  1485  1512  1518  1454  1575  1516  1449  1547  1484  1462  1547  1532  1453  1451  1458  1548  1430  1486  
