1.20157
1491  1521  1425  1507  1452  1467  1505  1466  1515  1507  1535  1550  1456  1506  1448  1480  1526  1464  1547  1475  
1564  1519  1430  1475  1553  1507  1496  1535  1465  1566  1569  1474  1467  1491  1437  1499  1470  1504  1530  1515  
1532  1462  1565  1430  1426  1478  1540  1424  1481  1457  1520  1607  1427  1545  1471  1512  1477  1522  1517  1480  
1510  1558  1530  1508  1482  1513  1574  1519  1514  1552  1441  1508  1524  1482  1462  1549  1481  1498  1584  1486  
1497  1557  1469  1519  1533  1434  1500  1369  1489  1527  1469  1521  1501  1539  1433  1494  1465  1498  1425  1482  
1427  1434  1470  1506  1466  1522  1556  1485  1474  1634  1501  1554  1521  1509  1499  1464  1565  1462  1526  1496  
1605  1423  1485  1510  1545  1462  1413  1465  1492  1489  1461  1522  1524  1538  1393  1563  1538  1525  1505  1521  
1482  1480  1465  1472  1483  1511  1492  1557  1472  1479  1588  1522  1536  1447  1558  1527  1497  1548  1469  1465  
1506  1467  1510  1535  1527  1548  1522  1570  1495  1583  1551  1524  1591  1528  1576  1549  1552  1532  1547  1518  
1445  1503  1446  1541  1509  1525  1530  1517  1489  1460  1482  1534  1479  1463  1541  1490  1466  1585  1487  1415  
1528  1503  1453  1518  1497  1425  1459  1525  1433  1517  1488  1558  1527  1551  1491  1465  1479  1510  1499  1572  
1543  1480  1440  1522  1511  1514  1471  1416  1547  1549  1431  1488  1561  1441  1567  1498  1485  1443  1537  1475  
1494  1426  1549  1497  1481  1507  1503  1487  1531  1559  1483  1576  1484  1512  1536  1477  1509  1483  1486  1504  
1526  1495  1470  1521  1462  1452  1538  1528  1501  1445  1471  1473  1509  1462  1511  1494  1519  1450  1446  1472  
1487  1552  1534  1488  1459  1543  1536  1517  1484  1518  1459  1468  1528  1502  1494  1445  1510  1478  1571  1493  
1482  1513  1481  1509  1521  1507  1492  1542  1500  1492  1512  1482  1468  1551  1462  1494  1596  1540  1479  1519  
1506  1531  1461  1537  1484  1544  1426  1442  1468  1463  1503  1493  1546  1489  1503  1510  1423  1530  1470  1555  
1571  1548  1570  1521  1486  1437  1506  1525  1562  1472  1478  1429  1483  1444  1522  1440  1571  1504  1472  1477  
1516  1497  1487  1537  1489  1532  1471  1505  1453  1492  1494  1440  1492  1576  1528  1469  1438  1518  1398  1477  
1473  1535  1536  1510  1497  1582  1494  1513  1523  1551  1595  1547  1539  1524  1498  1504  1463  1545  1390  1562  
