1.20123
1460  1526  1556  1447  1565  1479  1500  1536  1469  1535  1424  1442  1473  1571  1506  1491  1473  1462  1524  1435  
1607  1513  1468  1554  1451  1442  1464  1521  1398  1492  1552  1493  1492  1560  1459  1467  1464  1504  1486  1486  
1509  1567  1506  1484  1452  1477  1442  1442  1548  1483  1451  1457  1468  1491  1492  1558  1499  1531  1472  1445  
1494  1464  1530  1458  1536  1479  1548  1571  1519  1478  1512  1443  1537  1395  1517  1488  1455  1453  1512  1540  
1530  1530  1484  1513  1480  1502  1555  1571  1500  1493  1468  1571  1532  1559  1519  1452  1498  1528  1508  1464  
1524  1490  1565  1457  1502  1476  1423  1455  1526  1430  1464  1454  1550  1553  1497  1556  1490  1441  1479  1471  
1544  1401  1514  1445  1510  1538  1548  1553  1510  1528  1485  1415  1480  1529  1512  1529  1535  1465  1543  1514  
1430  1485  1476  1507  1548  1438  1470  1444  1485  1466  1481  1479  1463  1494  1548  1515  1435  1504  1508  1507  
1474  1516  1550  1544  1575  1447  1535  1527  1526  1472  1476  1434  1461  1515  1464  1487  1514  1495  1469  1528  
1556  1548  1517  1515  1518  1468  1416  1518  1466  1536  1502  1493  1453  1496  1575  1527  1444  1508  1549  1456  
1457  1462  1509  1471  1441  1539  1513  1533  1437  1474  1515  1495  1528  1516  1447  1472  1540  1486  1453  1550  
1465  1544  1534  1481  1583  1570  1538  1538  1444  1538  1419  1532  1453  1471  1537  1498  1484  1489  1521  1473  
1585  1490  1484  1522  1501  1536  1456  1525  1486  1530  1481  1471  1502  1482  1584  1577  1475  1529  1540  1486  
1569  1413  1516  1461  1586  1591  1530  1472  1517  1463  1475  1544  1477  1471  1452  1498  1478  1537  1563  1464  
1510  1531  1506  1570  1451  1566  1511  1520  1560  1489  1457  1495  1480  1621  1508  1507  1503  1435  1426  1533  
1472  1532  1476  1525  1435  1456  1593  1450  1584  1514  1483  1513  1477  1553  1574  1512  1537  1499  1535  1547  
1527  1486  1555  1497  1381  1551  1455  1609  1482  1519  1433  1508  1469  1473  1561  1512  1477  1513  1500  1461  
1483  1553  1529  1510  1511  1488  1538  1463  1509  1509  1561  1500  1481  1456  1500  1523  1511  1525  1508  1592  
1531  1434  1491  1529  1553  1408  1527  1445  1385  1538  1504  1447  1512  1562  1503  1490  1437  1475  1460  1476  
1534  1510  1507  1488  1428  1477  1514  1528  1489  1509  1570  1517  1485  1504  1471  1471  1559  1549  1530  1471  
