1.11512
893  961  979  975  973  975  1048  1142  1178  1207  1179  1103  1136  1066  1105  988  933  991  866  930  
877  899  980  956  992  1174  1103  1136  1204  1197  1232  1289  1169  1070  1133  1001  1025  905  906  906  
975  1001  986  977  1122  1144  1211  1217  1307  1352  1327  1366  1320  1219  1143  1040  998  978  943  857  
980  1044  995  1075  1187  1153  1230  1463  1497  1474  1446  1409  1307  1300  1193  1121  1126  1037  986  984  
988  1020  1021  1122  1144  1294  1393  1453  1642  1720  1582  1558  1462  1461  1335  1239  1113  1116  1070  1037  
1031  1099  1090  1156  1370  1438  1580  1731  1842  1881  1906  1786  1690  1587  1479  1359  1269  1171  1065  1053  
1120  1146  1174  1277  1462  1622  1705  1950  2003  2118  2119  2074  1855  1841  1598  1374  1345  1163  1146  1182  
1141  1152  1253  1393  1465  1687  1990  2191  2396  2581  2530  2385  2112  1870  1687  1596  1329  1254  1182  1160  
1135  1118  1283  1471  1598  1816  2081  2370  2629  2827  2705  2652  2470  2142  1756  1650  1419  1321  1214  1114  
1190  1259  1295  1441  1622  1867  2141  2502  2778  3001  2926  2787  2484  2182  1909  1702  1417  1260  1164  1166  
1142  1210  1250  1475  1684  1929  2223  2455  2768  3013  3059  2749  2538  2204  1879  1640  1521  1306  1226  1162  
1102  1200  1241  1438  1588  1774  2162  2464  2603  2750  2766  2597  2440  2090  1873  1594  1504  1336  1254  1176  
1059  1172  1221  1391  1551  1737  1866  2146  2386  2524  2495  2289  2166  1919  1781  1503  1404  1319  1227  1084  
1095  1110  1157  1334  1465  1607  1800  1914  2075  2283  2142  2059  1930  1742  1593  1456  1312  1151  1125  1095  
1087  1078  1151  1250  1352  1492  1591  1793  1796  1780  2029  1879  1750  1684  1458  1375  1209  1159  1105  1032  
963  1080  1082  1174  1286  1316  1429  1514  1596  1699  1723  1616  1522  1417  1353  1253  1154  1128  1018  996  
948  1001  1012  1070  1133  1233  1326  1358  1437  1452  1489  1463  1388  1371  1159  1187  1116  967  983  906  
879  930  1037  982  1085  1106  1212  1282  1292  1235  1363  1246  1174  1188  1135  1062  1025  920  974  892  
934  942  915  921  1057  1130  1114  1130  1242  1285  1351  1201  1182  1197  1080  1042  1004  956  928  914  
925  898  945  1009  975  1058  1131  1116  1116  1158  1179  1130  1198  1134  1034  958  941  914  928  903  
