1.20236
1597  1535  1539  1502  1505  1477  1514  1554  1563  1462  1552  1539  1457  1433  1543  1499  1406  1522  1467  1528  
1438  1549  1545  1527  1519  1441  1506  1463  1534  1487  1503  1431  1467  1509  1616  1515  1525  1513  1505  1419  
1500  1485  1502  1447  1470  1410  1504  1512  1615  1500  1475  1495  1468  1509  1514  1514  1537  1434  1445  1507  
1514  1559  1487  1479  1521  1544  1563  1527  1529  1436  1544  1423  1542  1446  1514  1595  1573  1561  1521  1481  
1440  1441  1472  1526  1521  1438  1416  1465  1438  1527  1502  1454  1482  1487  1547  1471  1523  1554  1488  1521  
1444  1417  1555  1511  1465  1486  1501  1473  1515  1491  1525  1503  1490  1593  1486  1433  1556  1589  1551  1480  
1540  1511  1445  1468  1560  1537  1436  1461  1486  1550  1503  1474  1510  1528  1547  1513  1505  1619  1471  1464  
1501  1483  1486  1562  1561  1490  1467  1487  1447  1488  1542  1484  1546  1531  1539  1489  1497  1518  1545  1500  
1504  1535  1496  1425  1438  1475  1565  1467  1550  1496  1534  1541  1507  1504  1464  1486  1541  1480  1473  1457  
1428  1447  1522  1488  1468  1521  1528  1419  1481  1481  1488  1471  1539  1509  1526  1486  1483  1509  1410  1522  
1490  1530  1494  1531  1431  1413  1461  1509  1458  1472  1584  1524  1348  1520  1524  1390  1617  1442  1500  1557  
1481  1425  1557  1494  1453  1470  1493  1523  1507  1500  1509  1464  1474  1414  1540  1475  1383  1463  1542  1567  
1638  1508  1449  1524  1504  1560  1618  1456  1546  1465  1528  1564  1562  1528  1509  1488  1566  1488  1474  1520  
1401  1460  1489  1470  1512  1458  1540  1454  1484  1519  1547  1496  1533  1531  1493  1551  1477  1494  1505  1501  
1502  1509  1463  1505  1485  1453  1508  1496  1542  1447  1487  1463  1432  1518  1515  1533  1434  1559  1464  1467  
1443  1481  1500  1496  1516  1589  1548  1516  1475  1491  1471  1498  1459  1494  1529  1512  1441  1498  1539  1476  
1562  1519  1442  1493  1612  1577  1479  1458  1505  1591  1466  1523  1511  1574  1481  1463  1464  1484  1554  1480  
1540  1488  1558  1434  1452  1490  1512  1540  1547  1482  1417  1514  1545  1598  1569  1517  1477  1554  1555  1523  
1394  1527  1520  1554  1511  1482  1494  1516  1616  1601  1491  1570  1559  1501  1480  1572  1532  1524  1498  1569  
1507  1511  1411  1518  1385  1484  1555  1475  1559  1457  1575  1552  1477  1438  1523  1444  1509  1522  1452  1468  
