1.20149
1440  1497  1599  1502  1439  1482  1468  1581  1558  1464  1472  1487  1487  1469  1470  1440  1483  1522  1558  1511  
1553  1518  1484  1511  1516  1491  1506  1505  1468  1518  1525  1563  1482  1541  1542  1466  1507  1533  1489  1446  
1557  1500  1563  1489  1612  1529  1558  1477  1456  1562  1423  1528  1559  1536  1473  1475  1547  1479  1468  1561  
1522  1444  1497  1464  1447  1525  1464  1467  1490  1455  1508  1459  1608  1440  1527  1455  1487  1437  1484  1472  
1503  1485  1495  1475  1521  1479  1475  1530  1519  1585  1507  1488  1496  1596  1462  1472  1500  1579  1565  1524  
1524  1460  1528  1573  1492  1491  1476  1458  1566  1504  1522  1469  1508  1545  1540  1553  1499  1445  1585  1534  
1454  1503  1480  1494  1466  1423  1502  1492  1497  1439  1431  1439  1469  1511  1491  1507  1489  1527  1474  1519  
1500  1482  1461  1487  1479  1474  1479  1474  1507  1507  1536  1429  1511  1498  1497  1492  1507  1439  1381  1472  
1500  1510  1533  1526  1513  1537  1549  1516  1507  1454  1489  1543  1479  1510  1527  1522  1488  1504  1474  1498  
1503  1430  1529  1473  1491  1530  1561  1539  1560  1529  1462  1456  1459  1471  1504  1506  1502  1521  1482  1505  
1484  1453  1539  1479  1461  1540  1583  1506  1471  1483  1426  1554  1518  1464  1433  1512  1502  1440  1523  1458  
1421  1483  1497  1563  1487  1524  1557  1572  1496  1519  1522  1445  1509  1514  1494  1515  1492  1532  1501  1488  
1530  1501  1469  1502  1469  1468  1550  1519  1476  1529  1572  1486  1496  1544  1480  1588  1464  1528  1523  1518  
1539  1478  1523  1457  1594  1437  1472  1531  1552  1512  1514  1485  1512  1476  1427  1510  1554  1411  1478  1553  
1424  1513  1500  1502  1464  1537  1526  1488  1495  1577  1450  1491  1507  1484  1439  1450  1478  1490  1543  1472  
1501  1513  1586  1519  1495  1466  1410  1414  1522  1519  1563  1547  1500  1412  1547  1497  1563  1549  1493  1518  
1522  1556  1443  1536  1528  1527  1453  1494  1494  1470  1438  1458  1448  1490  1451  1448  1587  1506  1495  1458  
1529  1524  1526  1533  1474  1488  1438  1494  1503  1423  1426  1456  1527  1479  1470  1459  1545  1515  1502  1513  
1489  1474  1481  1544  1530  1462  1572  1537  1456  1510  1447  1527  1495  1515  1440  1487  1544  1452  1501  1498  
1547  1507  1519  1541  1431  1485  1588  1569  1447  1527  1540  1488  1525  1503  1492  1538  1503  1522  1545  1485  
