1.20075
1534  1428  1499  1505  1476  1524  1487  1518  1496  1570  1523  1572  1453  1495  1499  1529  1543  1427  1530  1508  
1565  1514  1552  1508  1521  1468  1469  1469  1519  1483  1447  1567  1440  1577  1392  1513  1579  1490  1469  1472  
1511  1513  1461  1471  1523  1480  1564  1536  1495  1497  1445  1441  1509  1524  1512  1453  1539  1516  1490  1490  
1430  1399  1557  1525  1554  1490  1528  1528  1474  1528  1519  1569  1538  1575  1520  1437  1500  1473  1477  1507  
1518  1439  1507  1520  1554  1482  1556  1461  1499  1571  1549  1462  1461  1451  1452  1514  1461  1494  1554  1459  
1499  1550  1459  1520  1480  1508  1443  1522  1494  1545  1532  1488  1497  1559  1473  1502  1504  1494  1525  1451  
1452  1455  1577  1533  1529  1515  1441  1513  1461  1460  1529  1456  1560  1565  1453  1509  1501  1601  1490  1530  
1497  1516  1558  1505  1582  1450  1536  1493  1506  1560  1550  1574  1481  1558  1463  1496  1480  1509  1485  1522  
1511  1514  1494  1510  1502  1483  1504  1528  1503  1376  1582  1469  1478  1454  1440  1480  1558  1520  1462  1538  
1527  1485  1466  1442  1489  1494  1518  1460  1521  1501  1477  1492  1519  1557  1535  1585  1467  1422  1564  1492  
1545  1507  1470  1481  1394  1552  1437  1506  1507  1496  1514  1491  1490  1523  1548  1512  1438  1458  1536  1519  
1526  1477  1526  1576  1535  1525  1495  1561  1490  1478  1506  1407  1532  1513  1540  1537  1517  1408  1435  1435  
1451  1460  1505  1467  1459  1509  1451  1603  1496  1496  1457  1424  1462  1561  1531  1458  1494  1378  1585  1490  
1489  1468  1484  1520  1446  1472  1466  1529  1582  1478  1493  1509  1430  1465  1547  1510  1418  1494  1555  1493  
1504  1566  1558  1544  1492  1489  1528  1518  1499  1519  1584  1512  1566  1520  1569  1498  1502  1481  1451  1460  
1471  1490  1492  1561  1468  1491  1496  1479  1439  1462  1489  1519  1469  1494  1493  1453  1468  1509  1491  1547  
1536  1530  1515  1504  1542  1465  1479  1399  1449  1562  1533  1473  1555  1476  1509  1506  1508  1521  1455  1489  
1431  1442  1499  1457  1593  1501  1436  1524  1437  1594  1405  1469  1483  1545  1566  1456  1540  1519  1572  1464  
1398  1504  1516  1569  1646  1542  1492  1460  1495  1497  1422  1400  1522  1549  1474  1532  1552  1546  1536  1489  
1437  1463  1495  1484  1549  1498  1484  1490  1498  1487  1460  1520  1552  1563  1506  1548  1487  1538  1551  1489  
