1.19863
1492  1557  1568  1404  1552  1515  1517  1474  1485  1453  1428  1410  1481  1479  1505  1402  1494  1462  1496  1519  
1488  1497  1520  1541  1494  1517  1486  1491  1463  1489  1499  1479  1463  1397  1504  1515  1535  1457  1437  1460  
1478  1530  1493  1501  1560  1570  1418  1494  1438  1554  1504  1444  1476  1507  1421  1480  1511  1454  1493  1461  
1476  1596  1537  1483  1480  1510  1476  1460  1532  1559  1534  1542  1526  1495  1493  1522  1446  1502  1486  1506  
1511  1513  1518  1481  1461  1474  1499  1497  1482  1516  1507  1537  1509  1490  1517  1576  1493  1483  1561  1498  
1596  1493  1500  1470  1507  1516  1499  1480  1482  1513  1505  1431  1509  1549  1504  1507  1462  1464  1513  1547  
1523  1552  1453  1554  1435  1471  1468  1541  1479  1484  1491  1488  1456  1489  1532  1529  1555  1443  1421  1502  
1520  1435  1509  1483  1464  1521  1534  1450  1421  1500  1537  1454  1514  1536  1487  1537  1469  1561  1534  1609  
1503  1543  1485  1549  1416  1481  1506  1552  1433  1493  1498  1503  1597  1477  1543  1526  1497  1490  1540  1531  
1431  1467  1469  1527  1517  1518  1613  1535  1449  1511  1531  1555  1457  1475  1494  1518  1512  1497  1594  1470  
1510  1452  1583  1474  1572  1535  1534  1516  1436  1465  1545  1468  1416  1442  1497  1515  1513  1474  1464  1501  
1560  1574  1459  1486  1419  1455  1470  1490  1495  1500  1559  1528  1540  1453  1537  1579  1560  1553  1468  1411  
1610  1503  1540  1489  1476  1510  1512  1470  1529  1576  1462  1487  1478  1440  1513  1431  1455  1417  1557  1516  
1503  1538  1403  1564  1542  1574  1443  1483  1383  1526  1464  1553  1473  1569  1503  1453  1497  1465  1502  1426  
1514  1490  1494  1578  1468  1563  1449  1525  1557  1553  1467  1531  1528  1578  1468  1560  1492  1459  1501  1394  
1594  1471  1506  1435  1574  1417  1483  1515  1478  1473  1540  1491  1460  1475  1473  1526  1487  1466  1466  1533  
1560  1445  1571  1550  1552  1468  1406  1491  1502  1573  1515  1501  1492  1529  1435  1437  1490  1474  1458  1507  
1492  1469  1564  1475  1493  1420  1475  1547  1550  1531  1419  1547  1468  1535  1493  1455  1450  1468  1464  1518  
1524  1473  1444  1498  1449  1494  1522  1472  1472  1403  1552  1495  1591  1477  1525  1531  1504  1502  1558  1495  
1490  1482  1557  1563  1494  1444  1544  1430  1532  1505  1497  1456  1535  1611  1478  1504  1557  1471  1486  1514  
