1.19996
1474  1491  1556  1467  1515  1497  1479  1447  1492  1496  1485  1503  1436  1542  1508  1569  1522  1465  1467  1565  
1531  1511  1510  1531  1495  1511  1471  1545  1418  1523  1508  1531  1544  1515  1506  1493  1478  1460  1551  1457  
1498  1509  1408  1496  1485  1545  1427  1566  1535  1601  1526  1589  1492  1532  1500  1497  1506  1574  1442  1536  
1529  1441  1492  1524  1446  1536  1617  1427  1475  1599  1418  1443  1477  1474  1568  1534  1512  1560  1516  1515  
1474  1415  1525  1398  1521  1517  1532  1446  1466  1460  1452  1555  1402  1586  1512  1508  1524  1508  1577  1498  
1440  1516  1497  1555  1516  1463  1476  1488  1515  1563  1444  1495  1447  1497  1465  1588  1519  1496  1516  1470  
1530  1511  1395  1513  1540  1531  1508  1468  1397  1504  1436  1541  1554  1515  1483  1440  1514  1558  1597  1588  
1446  1495  1437  1501  1479  1371  1536  1509  1587  1473  1513  1471  1546  1562  1497  1518  1514  1483  1499  1441  
1496  1520  1435  1396  1436  1562  1479  1494  1518  1458  1582  1447  1491  1530  1447  1470  1551  1447  1494  1458  
1451  1467  1514  1432  1395  1497  1539  1481  1520  1478  1448  1463  1528  1461  1441  1477  1512  1468  1563  1433  
1506  1499  1528  1525  1456  1508  1502  1526  1535  1498  1558  1554  1535  1440  1587  1535  1525  1598  1461  1461  
1579  1510  1487  1488  1572  1466  1522  1493  1547  1442  1499  1556  1492  1505  1522  1449  1476  1509  1520  1493  
1500  1567  1545  1502  1541  1475  1461  1482  1597  1422  1455  1565  1521  1453  1490  1449  1556  1610  1519  1515  
1374  1483  1503  1494  1447  1473  1466  1462  1592  1488  1470  1480  1541  1502  1515  1459  1442  1440  1413  1530  
1501  1489  1491  1491  1544  1549  1477  1499  1525  1490  1500  1433  1511  1460  1556  1447  1519  1490  1492  1437  
1492  1550  1458  1462  1536  1533  1523  1464  1554  1515  1505  1541  1499  1518  1477  1503  1474  1464  1539  1512  
1504  1600  1483  1493  1499  1467  1532  1499  1545  1525  1552  1528  1543  1516  1567  1513  1410  1503  1470  1541  
1470  1475  1459  1567  1458  1555  1495  1466  1560  1592  1486  1574  1504  1484  1470  1432  1481  1464  1512  1447  
1463  1506  1490  1552  1533  1591  1485  1514  1472  1502  1426  1524  1514  1411  1524  1518  1511  1557  1487  1532  
1564  1470  1537  1480  1459  1531  1508  1537  1428  1428  1589  1540  1483  1419  1425  1580  1481  1451  1584  1473  
