1.20237
1481  1505  1500  1563  1519  1481  1493  1481  1484  1494  1564  1492  1501  1426  1524  1490  1575  1534  1476  1537  
1496  1461  1545  1550  1485  1442  1529  1450  1585  1525  1480  1527  1428  1465  1489  1426  1491  1460  1524  1568  
1513  1486  1492  1464  1541  1422  1497  1534  1559  1434  1461  1551  1470  1564  1507  1462  1458  1429  1450  1519  
1437  1512  1516  1504  1440  1525  1474  1576  1492  1506  1485  1557  1485  1506  1533  1522  1506  1553  1497  1566  
1443  1492  1496  1465  1534  1502  1521  1470  1469  1442  1458  1460  1522  1460  1521  1477  1522  1546  1516  1474  
1434  1425  1541  1561  1511  1459  1509  1476  1519  1479  1607  1471  1483  1587  1552  1527  1503  1573  1495  1532  
1534  1497  1494  1507  1510  1498  1538  1446  1472  1454  1524  1426  1515  1520  1497  1543  1507  1523  1493  1489  
1491  1532  1492  1523  1544  1516  1518  1470  1557  1488  1463  1510  1483  1454  1482  1605  1471  1463  1550  1562  
1487  1520  1405  1520  1481  1516  1525  1533  1563  1485  1585  1549  1479  1474  1514  1483  1497  1602  1467  1501  
1521  1482  1430  1518  1562  1549  1588  1405  1526  1475  1421  1541  1526  1514  1533  1473  1537  1496  1473  1531  
1461  1443  1524  1512  1517  1512  1437  1540  1470  1544  1565  1583  1499  1474  1504  1588  1505  1499  1462  1491  
1482  1514  1541  1461  1467  1502  1534  1487  1520  1497  1482  1505  1521  1506  1555  1512  1453  1433  1442  1498  
1505  1540  1458  1505  1514  1409  1503  1447  1483  1465  1512  1530  1487  1543  1440  1459  1437  1534  1474  1539  
1571  1473  1547  1475  1539  1484  1505  1491  1549  1526  1400  1456  1457  1498  1510  1447  1476  1477  1522  1548  
1509  1536  1512  1509  1513  1523  1520  1517  1519  1533  1547  1445  1500  1488  1518  1391  1482  1453  1500  1506  
1548  1506  1457  1508  1579  1511  1505  1500  1493  1551  1546  1504  1466  1493  1508  1557  1438  1572  1503  1492  
1420  1524  1459  1549  1495  1438  1523  1537  1546  1509  1509  1490  1535  1540  1521  1508  1523  1467  1577  1482  
1504  1509  1520  1447  1514  1412  1534  1465  1519  1515  1524  1544  1486  1501  1444  1531  1515  1493  1542  1537  
1471  1448  1543  1484  1484  1493  1554  1553  1528  1543  1529  1514  1537  1540  1356  1558  1525  1424  1548  1492  
1555  1479  1521  1541  1518  1545  1479  1527  1500  1499  1536  1584  1522  1538  1523  1475  1501  1445  1477  1511  
