1.20245
1486  1531  1513  1495  1441  1520  1585  1540  1549  1486  1535  1528  1471  1484  1509  1536  1494  1481  1391  1470  
1532  1460  1539  1554  1452  1500  1390  1526  1493  1491  1488  1535  1536  1486  1484  1530  1518  1508  1521  1549  
1470  1529  1536  1492  1489  1408  1538  1467  1514  1461  1459  1547  1464  1450  1510  1500  1526  1599  1450  1550  
1497  1453  1474  1526  1513  1453  1561  1549  1431  1501  1470  1554  1544  1564  1460  1506  1549  1477  1394  1632  
1484  1457  1384  1522  1477  1459  1490  1511  1441  1453  1471  1534  1497  1558  1532  1519  1530  1476  1509  1494  
1403  1509  1542  1502  1541  1536  1568  1459  1412  1413  1564  1509  1499  1449  1543  1522  1476  1494  1487  1547  
1427  1429  1522  1482  1439  1549  1485  1527  1483  1488  1399  1523  1514  1475  1466  1489  1516  1529  1497  1509  
1498  1562  1515  1585  1470  1519  1432  1529  1471  1557  1469  1516  1545  1540  1498  1532  1546  1611  1497  1534  
1464  1467  1510  1450  1537  1485  1444  1605  1540  1483  1582  1558  1434  1442  1409  1515  1537  1466  1522  1512  
1545  1521  1452  1578  1542  1551  1516  1545  1424  1422  1511  1466  1537  1534  1465  1534  1474  1567  1504  1460  
1452  1547  1481  1498  1465  1469  1522  1481  1521  1447  1545  1535  1465  1523  1473  1564  1464  1515  1465  1551  
1497  1502  1480  1522  1545  1468  1596  1486  1531  1443  1547  1529  1479  1521  1556  1472  1487  1466  1509  1566  
1502  1551  1558  1548  1502  1600  1532  1412  1481  1576  1514  1465  1545  1500  1534  1450  1460  1527  1493  1464  
1512  1535  1484  1530  1507  1617  1555  1494  1549  1525  1462  1469  1425  1530  1480  1458  1399  1474  1528  1554  
1493  1509  1468  1562  1553  1513  1474  1606  1475  1468  1529  1526  1475  1594  1509  1490  1531  1514  1496  1478  
1518  1468  1526  1548  1497  1503  1481  1414  1523  1501  1484  1420  1542  1500  1502  1473  1488  1434  1454  1466  
1446  1462  1526  1521  1515  1461  1515  1466  1486  1480  1478  1490  1463  1561  1530  1513  1439  1568  1571  1431  
1454  1528  1562  1490  1500  1489  1498  1476  1480  1495  1537  1507  1459  1527  1524  1441  1441  1491  1505  1551  
1465  1532  1610  1534  1476  1564  1497  1428  1513  1480  1560  1571  1519  1512  1510  1523  1461  1498  1557  1451  
1501  1442  1504  1495  1500  1527  1468  1560  1609  1477  1500  1517  1538  1545  1589  1487  1524  1551  1529  1430  
