1.19736
1448  1433  1528  1549  1523  1477  1526  1590  1448  1425  1485  1521  1533  1475  1437  1469  1509  1404  1538  1573  
1492  1612  1482  1522  1514  1516  1484  1453  1475  1533  1473  1475  1470  1515  1457  1506  1537  1494  1509  1436  
1459  1498  1506  1498  1499  1482  1473  1492  1513  1483  1524  1452  1471  1526  1452  1583  1524  1448  1515  1498  
1502  1550  1547  1498  1486  1487  1492  1440  1431  1445  1448  1521  1510  1499  1516  1544  1559  1482  1413  1501  
1520  1504  1472  1442  1526  1515  1534  1507  1493  1488  1464  1465  1547  1500  1397  1436  1509  1543  1477  1433  
1563  1470  1494  1505  1450  1530  1565  1486  1508  1467  1406  1470  1469  1530  1448  1541  1482  1425  1456  1460  
1491  1532  1557  1518  1515  1535  1522  1519  1543  1574  1524  1478  1465  1456  1476  1437  1552  1443  1494  1488  
1486  1496  1602  1659  1585  1415  1565  1506  1510  1495  1508  1412  1482  1536  1494  1528  1501  1494  1474  1478  
1439  1517  1516  1486  1568  1555  1516  1528  1496  1518  1507  1482  1494  1561  1567  1513  1516  1512  1445  1521  
1515  1422  1442  1558  1523  1540  1551  1532  1551  1472  1559  1512  1469  1495  1447  1502  1442  1505  1532  1508  
1546  1528  1486  1437  1462  1429  1513  1536  1482  1491  1507  1539  1569  1497  1452  1555  1470  1473  1496  1462  
1449  1568  1461  1476  1503  1554  1492  1517  1479  1456  1469  1515  1471  1491  1489  1505  1492  1514  1467  1555  
1431  1445  1451  1467  1432  1546  1501  1471  1530  1506  1475  1555  1452  1407  1443  1467  1497  1389  1499  1559  
1441  1500  1492  1532  1508  1484  1600  1563  1536  1476  1519  1404  1504  1484  1504  1534  1443  1531  1491  1471  
1437  1498  1511  1453  1528  1497  1510  1502  1507  1519  1435  1482  1502  1517  1594  1420  1500  1495  1478  1519  
1553  1525  1513  1536  1477  1447  1548  1507  1534  1480  1419  1557  1537  1548  1551  1439  1426  1482  1444  1566  
1528  1510  1567  1469  1440  1490  1494  1541  1461  1537  1502  1526  1576  1504  1522  1527  1548  1498  1549  1533  
1504  1485  1462  1474  1510  1437  1466  1446  1484  1420  1457  1459  1475  1532  1560  1601  1463  1498  1543  1442  
1469  1483  1469  1518  1469  1575  1506  1435  1580  1523  1500  1472  1559  1480  1598  1496  1403  1541  1447  1519  
1463  1567  1515  1454  1418  1491  1527  1540  1526  1538  1466  1469  1490  1553  1521  1477  1519  1549  1468  1469  
