1.19869
1462  1489  1423  1493  1481  1551  1468  1487  1493  1504  1436  1424  1449  1538  1471  1505  1459  1461  1496  1513  
1417  1495  1466  1409  1458  1536  1588  1566  1425  1639  1590  1500  1453  1562  1519  1491  1431  1378  1487  1454  
1472  1483  1449  1568  1459  1470  1584  1446  1549  1572  1509  1444  1558  1442  1489  1538  1513  1499  1525  1524  
1485  1510  1436  1393  1512  1495  1476  1528  1416  1571  1495  1510  1540  1429  1541  1458  1530  1531  1575  1543  
1481  1524  1502  1487  1516  1452  1534  1440  1502  1426  1475  1466  1476  1483  1550  1523  1568  1481  1482  1433  
1514  1521  1507  1503  1507  1465  1527  1432  1506  1491  1467  1554  1496  1435  1543  1482  1512  1542  1509  1473  
1480  1431  1438  1489  1554  1543  1479  1421  1508  1509  1574  1547  1529  1522  1539  1472  1460  1524  1475  1552  
1473  1523  1500  1478  1495  1581  1499  1460  1458  1453  1501  1591  1431  1493  1552  1528  1474  1493  1512  1421  
1510  1403  1500  1516  1546  1432  1461  1477  1539  1522  1540  1500  1495  1603  1559  1518  1521  1505  1558  1483  
1490  1472  1480  1456  1538  1528  1464  1479  1453  1568  1524  1485  1521  1521  1534  1536  1558  1508  1560  1500  
1558  1501  1469  1453  1550  1508  1511  1488  1442  1490  1555  1556  1536  1541  1484  1501  1538  1468  1450  1502  
1529  1503  1460  1474  1516  1474  1466  1466  1474  1472  1511  1515  1494  1568  1438  1489  1461  1543  1526  1470  
1510  1521  1485  1544  1561  1566  1450  1465  1456  1507  1522  1535  1534  1509  1487  1462  1541  1467  1505  1500  
1462  1506  1444  1525  1521  1513  1482  1513  1437  1580  1545  1479  1455  1429  1528  1562  1468  1570  1534  1486  
1475  1467  1483  1491  1447  1474  1412  1447  1435  1574  1452  1422  1555  1482  1488  1443  1487  1423  1527  1550  
1429  1414  1477  1502  1479  1463  1488  1472  1582  1500  1520  1537  1516  1560  1477  1516  1532  1603  1463  1452  
1524  1532  1497  1480  1494  1524  1483  1485  1567  1509  1502  1540  1528  1515  1493  1481  1464  1537  1519  1531  
1604  1553  1530  1452  1500  1508  1566  1517  1438  1489  1487  1488  1479  1483  1559  1492  1536  1468  1517  1521  
1551  1528  1471  1561  1495  1532  1527  1466  1480  1436  1505  1498  1500  1436  1533  1499  1363  1510  1525  1475  
1512  1492  1492  1442  1513  1539  1496  1478  1503  1482  1509  1471  1507  1597  1474  1442  1506  1538  1529  1568  
