1.20095
1504  1508  1471  1526  1516  1508  1518  1473  1496  1518  1531  1537  1431  1493  1466  1563  1485  1476  1548  1534  
1510  1525  1511  1531  1478  1379  1505  1526  1561  1493  1492  1566  1566  1501  1376  1503  1533  1475  1490  1423  
1515  1580  1526  1508  1507  1459  1504  1466  1476  1533  1567  1518  1445  1506  1530  1474  1502  1515  1413  1486  
1559  1578  1499  1575  1452  1511  1429  1522  1517  1425  1494  1544  1480  1542  1457  1493  1485  1528  1516  1469  
1507  1526  1506  1449  1542  1489  1442  1538  1517  1575  1511  1579  1531  1535  1486  1467  1491  1564  1445  1458  
1512  1516  1495  1440  1526  1566  1563  1478  1487  1495  1469  1564  1445  1494  1523  1474  1450  1545  1456  1551  
1500  1487  1530  1495  1417  1488  1551  1511  1448  1527  1498  1461  1422  1496  1524  1477  1460  1534  1460  1510  
1500  1474  1405  1555  1555  1524  1481  1555  1464  1509  1524  1476  1500  1584  1542  1512  1535  1546  1445  1495  
1507  1480  1506  1401  1507  1536  1517  1456  1431  1454  1475  1494  1532  1429  1426  1420  1496  1556  1525  1418  
1480  1541  1446  1435  1445  1488  1453  1387  1530  1479  1568  1434  1453  1523  1516  1511  1562  1571  1531  1477  
1511  1446  1488  1563  1508  1453  1531  1467  1501  1489  1601  1560  1543  1429  1529  1577  1513  1479  1475  1487  
1463  1467  1492  1541  1424  1520  1518  1551  1581  1479  1487  1491  1508  1547  1491  1460  1552  1469  1512  1512  
1551  1580  1545  1504  1513  1457  1498  1491  1540  1487  1489  1444  1496  1504  1482  1469  1520  1444  1437  1495  
1505  1446  1483  1583  1571  1462  1448  1470  1534  1449  1499  1457  1468  1568  1440  1510  1507  1536  1528  1449  
1578  1543  1617  1537  1460  1496  1489  1472  1574  1493  1417  1519  1490  1533  1495  1539  1559  1543  1495  1513  
1516  1484  1424  1571  1491  1477  1548  1506  1522  1553  1468  1490  1485  1480  1450  1504  1499  1540  1517  1490  
1475  1408  1525  1462  1543  1504  1459  1534  1474  1475  1515  1531  1546  1453  1531  1514  1464  1505  1427  1449  
1522  1522  1551  1511  1500  1434  1502  1526  1601  1537  1477  1448  1448  1549  1560  1507  1473  1553  1450  1502  
1509  1519  1530  1521  1496  1496  1483  1529  1538  1441  1397  1553  1643  1472  1583  1473  1483  1514  1489  1466  
1586  1529  1609  1572  1504  1484  1579  1467  1539  1496  1517  1519  1408  1522  1524  1509  1486  1494  1392  1437  
