1.19941
1545  1566  1527  1460  1506  1444  1491  1489  1509  1441  1525  1500  1500  1462  1480  1541  1496  1411  1510  1483  
1472  1599  1431  1504  1552  1485  1524  1506  1592  1553  1458  1441  1575  1499  1487  1507  1490  1347  1505  1519  
1514  1446  1520  1503  1420  1483  1421  1547  1438  1559  1504  1483  1585  1605  1544  1429  1503  1415  1446  1513  
1503  1542  1570  1527  1428  1435  1473  1452  1520  1567  1505  1492  1491  1509  1517  1503  1537  1571  1504  1468  
1558  1504  1501  1478  1541  1504  1472  1524  1482  1428  1483  1566  1540  1433  1498  1376  1504  1512  1576  1516  
1484  1534  1454  1501  1445  1516  1459  1507  1446  1467  1453  1502  1583  1432  1559  1556  1476  1474  1450  1539  
1495  1535  1470  1450  1628  1522  1439  1468  1558  1500  1410  1480  1463  1497  1513  1552  1484  1493  1451  1451  
1540  1478  1497  1512  1502  1453  1471  1490  1565  1478  1454  1527  1487  1433  1533  1478  1523  1479  1485  1420  
1512  1495  1517  1486  1482  1476  1510  1489  1447  1470  1432  1480  1450  1549  1476  1516  1573  1416  1560  1560  
1559  1480  1477  1542  1511  1591  1487  1432  1568  1503  1492  1523  1496  1502  1570  1489  1582  1453  1444  1432  
1400  1534  1430  1499  1571  1444  1517  1476  1479  1559  1498  1583  1549  1530  1553  1507  1439  1481  1571  1552  
1440  1481  1576  1472  1533  1469  1479  1438  1459  1483  1595  1440  1466  1588  1482  1536  1459  1423  1551  1485  
1538  1511  1453  1486  1505  1481  1509  1473  1496  1518  1524  1527  1564  1522  1486  1530  1525  1533  1473  1487  
1485  1446  1480  1477  1520  1470  1457  1515  1524  1481  1541  1498  1422  1573  1539  1480  1509  1516  1435  1529  
1534  1470  1516  1481  1402  1501  1442  1461  1494  1518  1446  1470  1486  1442  1374  1505  1479  1521  1509  1506  
1489  1404  1536  1402  1500  1460  1557  1515  1452  1515  1552  1532  1492  1507  1494  1529  1582  1543  1539  1546  
1546  1510  1515  1437  1462  1534  1499  1600  1527  1507  1498  1485  1488  1512  1499  1478  1517  1545  1529  1442  
1507  1496  1474  1505  1586  1563  1589  1460  1449  1361  1484  1488  1541  1529  1479  1538  1488  1476  1534  1536  
1604  1518  1455  1574  1540  1534  1398  1541  1460  1523  1523  1430  1470  1431  1415  1472  1488  1537  1423  1482  
1534  1492  1486  1491  1540  1482  1548  1570  1525  1530  1441  1507  1558  1445  1496  1598  1435  1562  1526  1506  
