1.08753
719  702  682  792  761  758  912  948  1005  1059  994  974  965  866  834  820  737  695  679  655  
648  729  720  757  814  844  937  961  1022  1092  1041  1019  953  916  904  842  764  743  663  692  
722  695  736  872  891  957  1085  1071  1133  1239  1099  1190  1067  1052  1005  891  767  709  756  745  
750  798  807  828  933  1032  1120  1352  1308  1358  1369  1314  1221  1100  1095  959  880  826  782  753  
784  856  883  929  1114  1218  1351  1486  1577  1748  1657  1530  1466  1380  1252  1112  947  912  827  825  
856  791  941  1044  1181  1351  1530  1749  1941  1979  1987  1912  1745  1480  1383  1205  1103  953  865  876  
906  969  1034  1172  1330  1614  1824  2097  2406  2586  2461  2403  2035  1790  1627  1381  1165  973  992  1008  
965  976  1106  1237  1411  1759  2136  2618  2982  3238  3218  3000  2530  2051  1838  1451  1291  1104  1011  934  
986  1007  1168  1292  1659  1961  2374  3015  3583  3883  3836  3682  2910  2299  1887  1503  1362  1132  1016  909  
987  1029  1207  1436  1625  2048  2433  3174  3798  4354  4231  3972  3230  2560  1969  1700  1296  1191  985  1023  
897  1019  1190  1390  1673  1925  2599  3209  3956  4344  4597  3970  3214  2526  2038  1680  1388  1163  1117  931  
962  1045  1191  1320  1565  1858  2415  2924  3597  3913  3837  3659  2929  2375  1963  1545  1292  1137  995  1011  
879  929  1030  1253  1488  1766  2076  2589  2935  3119  3304  2997  2653  2183  1877  1443  1250  1146  1027  933  
886  915  1032  1230  1351  1599  1876  2082  2313  2590  2603  2458  2185  1827  1496  1358  1147  1052  931  863  
826  902  979  1121  1231  1385  1597  1731  1932  2059  2062  1889  1804  1539  1358  1160  1083  962  900  893  
812  813  900  956  1093  1219  1332  1476  1622  1729  1661  1520  1431  1400  1175  1092  982  865  773  822  
762  801  820  902  961  1053  1234  1243  1287  1379  1396  1312  1249  1159  1092  991  933  825  743  720  
705  732  822  772  910  1008  1024  1070  1147  1207  1101  1053  1096  1002  1038  907  879  769  704  678  
724  719  709  759  822  861  887  972  1011  1002  1105  974  955  1002  930  855  786  755  689  713  
679  698  709  721  812  879  921  941  1009  969  957  938  929  912  864  746  766  704  708  674  
