1.04989
376  483  467  476  520  565  598  673  731  738  750  687  685  634  577  517  482  477  436  433  
398  468  487  547  581  664  684  710  780  756  752  756  757  724  648  574  539  452  464  449  
483  503  531  566  605  671  804  786  886  936  878  873  845  776  763  652  531  558  464  493  
491  523  612  669  688  878  907  1073  1037  1148  1099  1061  1065  901  823  774  621  536  530  492  
558  558  619  720  802  979  1150  1268  1422  1440  1473  1378  1276  1135  949  865  704  672  580  548  
605  608  634  823  986  1187  1369  1675  1892  2113  2002  1841  1660  1344  1153  963  797  778  631  617  
620  682  837  942  1158  1417  1807  2214  2634  2985  2907  2647  2172  1783  1430  1140  874  760  689  640  
684  704  802  1023  1311  1651  2205  3025  3851  4437  4414  3814  2993  2245  1787  1239  1004  839  769  630  
692  733  934  1135  1383  2028  2638  3831  5460  6318  6299  5459  3655  2597  1939  1457  1106  946  773  695  
759  766  852  1172  1441  2032  2818  4459  6258  7435  7205  6364  4401  2946  2085  1492  1136  915  803  786  
732  816  962  1185  1523  2060  3019  4326  6294  7404  7280  6331  4338  2968  2048  1449  1137  971  819  664  
616  792  851  1169  1442  1905  2654  3902  5406  6469  6354  5401  3870  2671  1854  1452  1102  904  733  731  
646  711  859  1022  1269  1701  2150  2945  4027  4187  4447  3830  3115  2270  1674  1314  1033  892  738  655  
636  673  766  883  1091  1420  1836  2246  2687  2881  2820  2581  2333  1807  1438  1140  941  799  641  620  
616  611  715  783  946  1132  1383  1638  1947  2057  2124  1874  1630  1434  1162  965  772  740  597  632  
581  532  607  716  859  999  1121  1309  1420  1466  1547  1382  1242  1122  1002  792  661  635  541  545  
492  466  574  620  679  809  932  1016  1056  1217  1144  1129  1018  858  801  738  663  521  492  489  
467  453  527  584  607  759  805  845  865  908  927  870  943  757  725  586  557  498  510  429  
443  407  465  566  569  629  624  772  737  732  792  715  717  667  650  595  515  461  425  440  
421  489  495  526  550  607  654  654  729  675  697  711  653  645  608  552  556  489  464  398  
