1.20062
1513  1564  1515  1527  1474  1499  1581  1487  1505  1511  1600  1490  1512  1551  1402  1491  1481  1480  1471  1445  
1513  1493  1471  1536  1489  1510  1514  1540  1541  1471  1471  1459  1487  1476  1537  1522  1464  1492  1552  1518  
1516  1451  1449  1517  1507  1556  1542  1498  1522  1438  1566  1489  1470  1481  1543  1535  1567  1481  1612  1531  
1432  1556  1512  1508  1578  1451  1542  1493  1591  1594  1479  1481  1416  1426  1512  1527  1464  1531  1571  1596  
1537  1496  1501  1473  1501  1488  1504  1521  1545  1523  1462  1537  1464  1522  1525  1488  1480  1535  1473  1521  
1524  1535  1514  1485  1546  1492  1576  1508  1481  1481  1523  1536  1493  1476  1522  1484  1482  1523  1552  1521  
1567  1466  1432  1505  1553  1481  1473  1522  1497  1504  1491  1526  1589  1443  1504  1445  1461  1573  1509  1541  
1473  1477  1488  1484  1518  1467  1510  1462  1418  1471  1555  1502  1476  1453  1483  1461  1489  1433  1410  1535  
1498  1457  1591  1479  1434  1496  1495  1510  1533  1478  1478  1529  1524  1509  1464  1488  1516  1493  1508  1428  
1536  1467  1507  1507  1503  1554  1529  1518  1537  1493  1489  1468  1454  1467  1448  1463  1543  1472  1531  1535  
1550  1420  1474  1536  1514  1459  1512  1509  1511  1540  1497  1478  1540  1503  1468  1500  1498  1479  1485  1476  
1526  1508  1522  1538  1479  1561  1584  1520  1544  1477  1594  1524  1497  1455  1501  1474  1532  1467  1506  1554  
1496  1437  1451  1498  1520  1465  1498  1511  1505  1548  1486  1530  1423  1493  1489  1502  1410  1459  1479  1438  
1524  1487  1516  1482  1471  1571  1510  1518  1474  1478  1436  1491  1462  1535  1499  1515  1491  1467  1525  1535  
1458  1427  1498  1519  1507  1566  1452  1552  1473  1490  1482  1536  1507  1468  1504  1587  1425  1489  1375  1422  
1498  1510  1494  1476  1549  1461  1487  1512  1493  1415  1543  1494  1508  1448  1438  1533  1425  1531  1522  1547  
1487  1473  1561  1546  1507  1501  1503  1454  1515  1512  1524  1479  1477  1459  1509  1474  1551  1479  1462  1486  
1533  1535  1450  1498  1502  1531  1462  1535  1436  1462  1477  1439  1529  1476  1442  1486  1472  1487  1558  1477  
1514  1480  1507  1563  1485  1507  1532  1559  1498  1483  1581  1540  1490  1505  1530  1511  1479  1504  1519  1587  
1559  1443  1496  1535  1452  1540  1513  1476  1481  1476  1522  1528  1531  1443  1539  1408  1583  1506  1476  1508  
