1.20044
1563  1447  1550  1523  1465  1521  1440  1527  1549  1517  1470  1507  1531  1502  1528  1513  1534  1543  1524  1485  
1537  1523  1498  1510  1536  1471  1520  1529  1481  1621  1462  1555  1468  1541  1502  1538  1515  1552  1522  1404  
1519  1471  1509  1470  1537  1471  1527  1481  1555  1462  1481  1477  1431  1512  1557  1438  1467  1532  1507  1566  
1441  1515  1512  1492  1534  1445  1537  1506  1516  1429  1437  1594  1533  1480  1507  1539  1488  1533  1498  1539  
1445  1420  1445  1551  1543  1448  1491  1540  1484  1480  1521  1443  1473  1546  1569  1551  1477  1490  1529  1548  
1475  1537  1458  1526  1484  1502  1410  1413  1505  1491  1543  1477  1488  1513  1605  1507  1554  1597  1497  1466  
1513  1469  1475  1541  1480  1484  1469  1476  1547  1528  1592  1507  1479  1505  1470  1475  1504  1465  1528  1563  
1452  1504  1490  1460  1504  1518  1551  1458  1480  1545  1476  1467  1490  1487  1482  1494  1458  1498  1531  1510  
1546  1568  1484  1567  1508  1476  1479  1483  1538  1491  1507  1521  1423  1549  1487  1559  1434  1557  1471  1546  
1465  1564  1539  1510  1535  1433  1526  1453  1471  1540  1460  1425  1441  1522  1450  1486  1489  1470  1441  1480  
1493  1431  1557  1515  1465  1506  1438  1466  1523  1493  1478  1557  1525  1474  1476  1486  1448  1461  1467  1495  
1516  1448  1518  1507  1563  1515  1508  1470  1548  1568  1533  1487  1516  1499  1477  1461  1446  1471  1496  1537  
1456  1492  1464  1492  1494  1535  1458  1492  1483  1445  1510  1577  1470  1521  1479  1513  1501  1488  1470  1498  
1520  1470  1450  1542  1560  1463  1473  1458  1592  1450  1488  1593  1507  1533  1495  1618  1469  1501  1523  1519  
1548  1487  1528  1433  1503  1540  1592  1477  1492  1447  1477  1546  1551  1522  1509  1501  1468  1439  1493  1494  
1564  1480  1417  1521  1520  1531  1476  1568  1523  1483  1575  1521  1530  1517  1521  1502  1525  1424  1531  1517  
1532  1581  1562  1490  1519  1524  1525  1413  1512  1463  1504  1511  1514  1506  1448  1518  1565  1499  1499  1494  
1489  1430  1481  1470  1518  1519  1546  1531  1526  1479  1518  1490  1489  1453  1466  1472  1493  1469  1485  1499  
1442  1484  1573  1414  1480  1601  1445  1506  1429  1445  1484  1491  1464  1495  1492  1504  1447  1527  1497  1451  
1572  1473  1528  1549  1457  1486  1467  1510  1493  1474  1485  1538  1485  1502  1520  1452  1443  1462  1469  1528  
