1.20009
1579  1580  1506  1485  1505  1421  1551  1514  1553  1594  1477  1598  1490  1473  1402  1520  1516  1534  1450  1537  
1453  1609  1511  1447  1557  1440  1512  1508  1505  1456  1492  1447  1526  1497  1455  1516  1436  1501  1475  1471  
1510  1485  1470  1441  1422  1556  1484  1514  1490  1535  1488  1508  1599  1506  1481  1510  1449  1504  1525  1539  
1544  1513  1525  1430  1495  1530  1496  1495  1458  1476  1482  1481  1484  1478  1444  1481  1530  1478  1559  1483  
1478  1465  1493  1481  1393  1513  1460  1507  1551  1494  1472  1475  1591  1532  1485  1539  1475  1513  1506  1500  
1521  1490  1531  1565  1415  1531  1493  1529  1414  1539  1489  1512  1491  1513  1509  1520  1498  1462  1498  1461  
1512  1493  1471  1521  1535  1494  1470  1558  1495  1458  1578  1567  1482  1521  1404  1459  1545  1556  1523  1532  
1518  1499  1556  1593  1490  1516  1442  1486  1473  1474  1569  1521  1499  1403  1479  1452  1448  1546  1531  1606  
1487  1492  1479  1536  1441  1502  1537  1509  1553  1511  1445  1475  1457  1419  1470  1574  1423  1441  1455  1572  
1478  1534  1534  1511  1552  1477  1467  1505  1445  1544  1446  1572  1532  1509  1381  1463  1471  1475  1448  1480  
1568  1452  1422  1507  1511  1450  1478  1485  1473  1535  1430  1515  1591  1552  1537  1478  1511  1526  1557  1495  
1513  1474  1494  1548  1511  1545  1421  1484  1466  1445  1511  1490  1524  1580  1556  1507  1480  1427  1524  1498  
1544  1473  1607  1466  1501  1445  1500  1547  1511  1489  1520  1515  1532  1533  1509  1482  1489  1528  1505  1518  
1487  1483  1434  1506  1469  1577  1525  1567  1517  1521  1506  1421  1482  1491  1526  1500  1459  1552  1545  1523  
1464  1431  1530  1486  1472  1448  1556  1450  1430  1501  1468  1530  1496  1529  1577  1493  1463  1560  1531  1527  
1456  1520  1482  1495  1497  1454  1492  1484  1529  1437  1568  1507  1528  1496  1518  1517  1456  1546  1494  1428  
1430  1414  1550  1606  1525  1501  1507  1501  1491  1470  1542  1500  1487  1465  1466  1545  1493  1582  1362  1518  
1445  1487  1471  1501  1612  1527  1541  1492  1506  1480  1557  1518  1449  1492  1454  1494  1518  1524  1496  1482  
1478  1485  1459  1523  1440  1585  1470  1536  1590  1486  1498  1480  1542  1364  1489  1460  1531  1480  1445  1466  
1583  1498  1529  1521  1533  1507  1473  1501  1565  1486  1667  1517  1552  1451  1527  1521  1503  1442  1484  1526  
