1.19883
1488  1539  1515  1549  1553  1532  1506  1456  1527  1464  1512  1465  1479  1504  1489  1514  1432  1482  1449  1509  
1543  1452  1544  1517  1485  1488  1545  1522  1496  1495  1506  1475  1428  1602  1544  1415  1498  1474  1438  1510  
1549  1435  1493  1539  1525  1507  1561  1462  1445  1542  1545  1469  1532  1509  1490  1473  1487  1510  1591  1502  
1568  1417  1526  1536  1558  1463  1525  1438  1447  1457  1513  1505  1487  1477  1459  1530  1496  1459  1480  1516  
1504  1561  1488  1514  1409  1511  1397  1481  1568  1514  1496  1500  1468  1481  1557  1467  1451  1517  1474  1506  
1528  1543  1501  1553  1453  1519  1500  1480  1463  1602  1502  1543  1478  1434  1422  1526  1501  1466  1446  1503  
1620  1531  1405  1601  1475  1472  1519  1518  1473  1456  1461  1583  1514  1493  1497  1436  1405  1615  1503  1472  
1488  1529  1592  1537  1489  1502  1521  1498  1523  1482  1491  1438  1505  1524  1482  1579  1495  1496  1542  1482  
1507  1550  1522  1576  1502  1527  1471  1511  1491  1476  1469  1482  1544  1477  1511  1453  1453  1516  1415  1505  
1523  1572  1483  1507  1527  1470  1472  1478  1478  1430  1540  1566  1485  1502  1444  1517  1626  1477  1468  1451  
1469  1490  1473  1458  1496  1507  1455  1510  1441  1497  1473  1447  1471  1523  1490  1476  1476  1455  1561  1568  
1440  1533  1451  1481  1486  1534  1473  1480  1471  1515  1519  1484  1476  1495  1531  1531  1515  1511  1457  1540  
1521  1466  1509  1556  1503  1433  1448  1522  1492  1548  1466  1502  1455  1447  1471  1556  1489  1578  1585  1483  
1505  1521  1566  1603  1502  1530  1453  1464  1422  1497  1551  1590  1439  1494  1468  1458  1568  1509  1525  1525  
1506  1522  1517  1488  1544  1420  1536  1457  1550  1510  1602  1506  1525  1533  1449  1484  1539  1510  1454  1510  
1404  1532  1570  1499  1456  1530  1486  1508  1430  1511  1462  1499  1510  1502  1518  1466  1487  1506  1546  1529  
1459  1493  1506  1472  1521  1490  1580  1481  1529  1503  1491  1543  1503  1524  1421  1564  1508  1494  1596  1494  
1521  1568  1519  1544  1464  1520  1509  1507  1484  1481  1533  1446  1507  1546  1465  1517  1578  1466  1522  1450  
1565  1546  1495  1403  1463  1515  1501  1475  1424  1518  1468  1462  1467  1532  1428  1508  1495  1470  1496  1469  
1476  1500  1500  1520  1466  1447  1492  1551  1489  1516  1580  1464  1481  1461  1527  1511  1468  1520  1476  1515  
