1.20064
1507  1570  1486  1448  1542  1536  1549  1488  1590  1469  1469  1470  1497  1511  1495  1517  1487  1393  1397  1506  
1471  1501  1474  1461  1497  1545  1567  1496  1462  1489  1453  1539  1541  1512  1487  1506  1538  1569  1531  1543  
1500  1510  1507  1554  1507  1484  1578  1458  1471  1473  1463  1496  1466  1486  1511  1552  1471  1506  1583  1497  
1548  1499  1533  1528  1522  1544  1501  1516  1533  1564  1627  1552  1479  1508  1526  1514  1466  1522  1464  1532  
1552  1520  1464  1495  1492  1532  1581  1547  1544  1442  1501  1453  1430  1461  1555  1544  1518  1551  1493  1631  
1553  1428  1549  1480  1461  1522  1524  1465  1527  1494  1417  1515  1553  1478  1488  1491  1492  1467  1489  1484  
1468  1476  1497  1518  1537  1543  1509  1517  1488  1568  1522  1518  1456  1420  1554  1529  1545  1519  1549  1534  
1437  1573  1475  1471  1475  1496  1523  1511  1429  1454  1459  1463  1499  1504  1511  1424  1559  1493  1558  1518  
1493  1474  1433  1493  1412  1576  1555  1468  1523  1461  1505  1469  1513  1508  1524  1512  1450  1453  1452  1436  
1447  1481  1516  1556  1554  1450  1495  1453  1504  1507  1396  1515  1474  1481  1534  1480  1481  1549  1534  1485  
1613  1512  1478  1497  1504  1500  1495  1524  1509  1535  1535  1559  1557  1444  1431  1517  1533  1430  1516  1531  
1544  1573  1447  1505  1531  1547  1470  1514  1568  1496  1511  1513  1579  1425  1531  1513  1581  1482  1525  1516  
1541  1504  1501  1451  1510  1524  1469  1433  1449  1532  1462  1535  1493  1437  1424  1477  1497  1536  1473  1505  
1475  1513  1507  1517  1468  1503  1476  1515  1457  1454  1470  1496  1476  1420  1483  1432  1433  1559  1479  1450  
1519  1447  1561  1518  1504  1452  1474  1556  1537  1486  1555  1515  1525  1424  1490  1526  1476  1528  1452  1518  
1470  1438  1461  1446  1401  1502  1470  1525  1477  1508  1573  1479  1502  1436  1452  1471  1563  1495  1479  1475  
1528  1498  1491  1499  1504  1477  1501  1463  1471  1486  1499  1481  1452  1438  1493  1482  1460  1526  1488  1494  
1403  1459  1533  1443  1547  1436  1561  1547  1431  1465  1499  1428  1560  1493  1470  1475  1478  1504  1464  1565  
1451  1584  1515  1502  1561  1510  1526  1528  1539  1472  1522  1580  1470  1547  1513  1487  1549  1593  1521  1499  
1519  1553  1474  1492  1477  1555  1492  1470  1464  1504  1471  1526  1515  1423  1477  1491  1464  1589  1510  1509  
