1.19869
1498  1491  1569  1577  1495  1546  1482  1482  1535  1475  1486  1505  1458  1455  1500  1425  1457  1463  1480  1526  
1468  1500  1565  1490  1537  1457  1554  1508  1481  1475  1443  1507  1512  1481  1546  1503  1497  1502  1372  1518  
1475  1493  1447  1522  1584  1533  1525  1526  1480  1477  1531  1518  1470  1427  1427  1588  1518  1443  1450  1568  
1501  1565  1510  1588  1494  1521  1463  1544  1561  1547  1517  1533  1490  1478  1487  1489  1540  1511  1514  1481  
1545  1530  1551  1542  1580  1542  1529  1614  1548  1541  1473  1499  1429  1477  1514  1504  1539  1461  1457  1405  
1440  1409  1527  1499  1467  1535  1541  1410  1505  1518  1407  1541  1485  1498  1515  1528  1501  1518  1512  1483  
1464  1508  1516  1460  1489  1565  1450  1521  1539  1498  1462  1546  1478  1524  1487  1469  1497  1453  1387  1494  
1551  1502  1535  1557  1512  1418  1535  1466  1556  1519  1486  1477  1431  1597  1514  1452  1398  1530  1578  1485  
1506  1518  1474  1432  1528  1535  1495  1487  1535  1433  1539  1452  1546  1497  1462  1512  1439  1298  1437  1389  
1471  1484  1533  1504  1482  1450  1526  1408  1496  1460  1552  1544  1487  1468  1479  1514  1446  1458  1419  1522  
1481  1437  1541  1546  1562  1527  1496  1562  1552  1604  1477  1472  1515  1541  1537  1525  1525  1496  1526  1507  
1512  1458  1549  1511  1401  1541  1470  1538  1526  1483  1534  1481  1479  1444  1513  1505  1441  1443  1499  1536  
1510  1443  1436  1510  1458  1467  1544  1507  1482  1480  1485  1473  1456  1470  1537  1496  1432  1518  1498  1531  
1567  1517  1515  1495  1535  1405  1496  1511  1498  1504  1507  1512  1517  1442  1511  1563  1463  1471  1553  1471  
1590  1470  1522  1427  1508  1404  1582  1495  1491  1524  1517  1433  1555  1617  1496  1480  1497  1543  1486  1471  
1502  1468  1452  1468  1475  1490  1463  1463  1544  1498  1458  1496  1506  1488  1468  1566  1418  1546  1520  1527  
1456  1513  1448  1500  1440  1490  1429  1516  1577  1527  1529  1481  1565  1467  1503  1497  1602  1566  1475  1494  
1514  1456  1513  1471  1488  1495  1539  1534  1522  1435  1495  1465  1420  1573  1560  1511  1518  1489  1531  1468  
1523  1567  1479  1485  1373  1521  1486  1475  1491  1478  1412  1639  1541  1497  1507  1539  1563  1512  1452  1506  
1530  1480  1521  1480  1533  1449  1404  1516  1483  1550  1469  1503  1558  1467  1500  1493  1489  1498  1513  1535  
