1.1998
1477  1519  1476  1479  1514  1508  1468  1528  1531  1491  1466  1554  1490  1500  1419  1514  1498  1479  1467  1469  
1540  1524  1467  1553  1476  1524  1545  1467  1526  1469  1502  1542  1505  1465  1499  1565  1536  1568  1479  1515  
1480  1447  1472  1444  1476  1535  1516  1486  1473  1583  1472  1514  1554  1555  1562  1454  1442  1451  1475  1533  
1498  1555  1528  1425  1479  1459  1481  1477  1499  1459  1454  1577  1567  1508  1497  1504  1452  1387  1519  1455  
1520  1554  1431  1574  1516  1508  1509  1502  1415  1463  1522  1474  1580  1395  1505  1512  1474  1526  1543  1438  
1527  1484  1458  1508  1477  1438  1485  1493  1462  1526  1550  1513  1487  1507  1510  1476  1426  1508  1495  1453  
1453  1468  1465  1547  1499  1531  1450  1482  1469  1469  1516  1470  1443  1490  1534  1484  1480  1562  1476  1514  
1547  1539  1505  1504  1576  1534  1486  1546  1581  1569  1576  1428  1592  1559  1507  1507  1519  1507  1517  1604  
1512  1486  1528  1562  1539  1464  1518  1536  1519  1525  1477  1443  1508  1578  1465  1405  1553  1552  1537  1517  
1464  1553  1428  1438  1467  1474  1544  1463  1458  1512  1459  1440  1498  1439  1546  1494  1528  1499  1516  1493  
1546  1517  1520  1536  1459  1542  1501  1490  1548  1484  1446  1525  1480  1472  1550  1499  1481  1555  1485  1484  
1445  1477  1574  1477  1491  1492  1521  1466  1468  1535  1454  1497  1485  1526  1483  1549  1561  1504  1536  1463  
1448  1394  1568  1407  1502  1422  1543  1583  1447  1453  1536  1455  1466  1455  1536  1528  1523  1501  1445  1498  
1507  1496  1440  1485  1479  1545  1533  1541  1486  1554  1518  1479  1560  1538  1556  1570  1503  1484  1517  1528  
1577  1541  1534  1524  1450  1485  1513  1498  1493  1455  1507  1434  1548  1457  1504  1538  1466  1552  1404  1599  
1457  1462  1550  1569  1553  1450  1503  1454  1475  1561  1539  1494  1539  1496  1446  1533  1507  1472  1479  1484  
1477  1478  1554  1452  1556  1621  1457  1486  1507  1485  1495  1541  1474  1523  1439  1505  1449  1561  1483  1517  
1501  1455  1519  1517  1426  1487  1549  1448  1448  1449  1498  1536  1514  1519  1478  1560  1529  1596  1500  1503  
1433  1577  1480  1470  1514  1499  1522  1513  1548  1420  1537  1465  1521  1454  1617  1459  1457  1554  1534  1468  
1494  1454  1451  1514  1588  1509  1541  1542  1511  1495  1474  1467  1500  1520  1403  1518  1464  1474  1533  1512  
