1.20027
1470  1477  1580  1485  1456  1424  1472  1527  1496  1555  1505  1453  1558  1570  1503  1497  1518  1400  1441  1534  
1521  1533  1437  1516  1485  1423  1426  1449  1441  1489  1476  1487  1628  1498  1436  1553  1501  1552  1512  1458  
1502  1556  1451  1534  1516  1468  1503  1481  1495  1532  1473  1449  1420  1440  1451  1511  1514  1509  1432  1474  
1564  1516  1506  1392  1518  1418  1588  1565  1486  1490  1500  1489  1480  1524  1537  1463  1496  1427  1468  1524  
1455  1487  1544  1448  1500  1438  1552  1483  1524  1502  1536  1527  1535  1436  1529  1478  1427  1605  1458  1492  
1499  1564  1500  1463  1470  1553  1463  1537  1534  1483  1413  1484  1472  1549  1407  1519  1549  1474  1470  1474  
1461  1561  1513  1506  1549  1488  1475  1509  1442  1496  1518  1416  1471  1544  1519  1430  1475  1540  1481  1574  
1464  1497  1518  1546  1567  1462  1457  1462  1441  1470  1500  1459  1471  1473  1548  1425  1489  1502  1457  1472  
1523  1424  1566  1597  1422  1548  1460  1450  1500  1489  1445  1512  1579  1528  1501  1512  1502  1431  1500  1579  
1516  1538  1604  1477  1511  1471  1538  1474  1536  1503  1484  1461  1419  1547  1605  1402  1490  1494  1591  1526  
1544  1434  1476  1467  1546  1482  1510  1518  1512  1472  1448  1494  1468  1503  1468  1514  1526  1450  1547  1504  
1539  1446  1518  1495  1465  1523  1494  1493  1517  1489  1553  1380  1490  1429  1435  1487  1593  1584  1525  1505  
1504  1520  1542  1475  1510  1531  1542  1574  1560  1477  1453  1533  1518  1550  1602  1567  1471  1596  1535  1536  
1459  1566  1524  1540  1514  1433  1534  1435  1457  1570  1437  1564  1520  1492  1511  1482  1481  1578  1464  1458  
1501  1533  1513  1453  1505  1550  1551  1476  1599  1492  1453  1490  1526  1515  1420  1486  1467  1535  1561  1462  
1472  1467  1582  1518  1527  1462  1534  1501  1515  1505  1481  1500  1512  1580  1500  1525  1553  1539  1564  1502  
1634  1547  1518  1496  1466  1481  1459  1502  1518  1455  1510  1487  1458  1441  1504  1529  1499  1486  1521  1472  
1584  1573  1458  1526  1515  1520  1494  1458  1530  1533  1555  1510  1527  1508  1474  1468  1483  1627  1549  1509  
1447  1512  1586  1470  1543  1543  1521  1408  1523  1527  1507  1468  1540  1494  1495  1448  1479  1527  1480  1514  
1505  1531  1451  1512  1464  1520  1477  1492  1517  1445  1569  1509  1472  1533  1480  1540  1576  1582  1485  1513  
