1.19965
1418  1491  1533  1506  1386  1527  1483  1542  1583  1398  1543  1452  1451  1485  1448  1485  1446  1463  1485  1544  
1519  1472  1503  1529  1539  1497  1447  1509  1433  1521  1464  1554  1493  1483  1531  1459  1461  1491  1442  1460  
1476  1502  1531  1526  1493  1464  1472  1586  1515  1443  1487  1447  1480  1542  1503  1486  1492  1444  1440  1479  
1523  1485  1530  1498  1532  1568  1432  1450  1542  1511  1521  1479  1506  1479  1499  1562  1484  1460  1550  1463  
1512  1504  1527  1506  1537  1465  1497  1452  1543  1537  1450  1436  1459  1517  1545  1445  1537  1505  1464  1455  
1490  1462  1492  1500  1549  1485  1467  1493  1520  1500  1503  1532  1491  1438  1506  1438  1469  1482  1550  1525  
1557  1451  1529  1460  1485  1479  1499  1490  1442  1429  1519  1522  1469  1476  1494  1478  1529  1440  1439  1470  
1570  1446  1575  1460  1492  1492  1571  1528  1531  1589  1507  1499  1478  1500  1502  1474  1523  1471  1578  1481  
1435  1581  1445  1521  1495  1486  1553  1495  1489  1491  1594  1511  1510  1509  1486  1480  1432  1522  1483  1463  
1513  1420  1495  1446  1530  1471  1496  1473  1491  1524  1604  1474  1489  1494  1493  1448  1478  1475  1519  1528  
1512  1565  1519  1535  1492  1496  1536  1491  1504  1486  1501  1511  1470  1460  1481  1529  1494  1515  1592  1478  
1540  1560  1499  1468  1546  1502  1504  1496  1464  1527  1474  1485  1592  1495  1502  1519  1500  1572  1476  1412  
1544  1483  1503  1571  1452  1445  1570  1522  1514  1491  1469  1445  1500  1554  1558  1504  1498  1582  1503  1445  
1492  1504  1567  1482  1454  1505  1503  1536  1528  1501  1496  1493  1436  1465  1418  1479  1466  1526  1580  1554  
1463  1477  1439  1450  1492  1583  1497  1569  1548  1498  1478  1510  1524  1446  1509  1466  1528  1576  1546  1478  
1485  1472  1599  1528  1519  1559  1536  1527  1431  1477  1506  1529  1558  1467  1536  1535  1474  1566  1503  1535  
1539  1517  1535  1539  1452  1464  1505  1459  1487  1452  1479  1470  1508  1471  1540  1467  1592  1529  1427  1455  
1527  1495  1485  1531  1399  1462  1455  1487  1497  1484  1437  1495  1438  1583  1503  1534  1520  1552  1495  1440  
1541  1591  1494  1485  1527  1523  1475  1462  1475  1524  1470  1498  1604  1482  1424  1529  1462  1441  1505  1428  
1431  1521  1421  1511  1523  1515  1578  1547  1502  1534  1440  1506  1542  1515  1474  1492  1521  1446  1494  1491  
