1.20158
1480  1494  1496  1475  1553  1433  1511  1476  1570  1439  1464  1452  1490  1520  1471  1557  1446  1473  1556  1408  
1539  1465  1525  1564  1502  1457  1538  1485  1557  1502  1498  1564  1503  1551  1403  1503  1463  1467  1490  1577  
1532  1567  1467  1461  1522  1523  1485  1562  1458  1462  1497  1520  1571  1504  1486  1576  1507  1528  1483  1506  
1498  1479  1462  1520  1522  1547  1505  1521  1558  1529  1550  1443  1513  1476  1604  1423  1494  1437  1478  1495  
1473  1561  1447  1529  1442  1508  1458  1473  1515  1443  1466  1512  1473  1507  1492  1541  1488  1581  1506  1477  
1525  1466  1492  1522  1496  1529  1492  1447  1438  1571  1445  1546  1427  1500  1447  1479  1581  1544  1457  1475  
1474  1497  1491  1441  1448  1444  1580  1520  1529  1475  1473  1484  1574  1525  1454  1488  1550  1506  1464  1485  
1447  1498  1476  1495  1585  1466  1520  1499  1446  1496  1474  1497  1483  1540  1493  1551  1487  1486  1511  1545  
1511  1498  1545  1478  1491  1475  1514  1486  1479  1524  1496  1531  1479  1520  1498  1511  1470  1454  1414  1519  
1575  1491  1535  1484  1533  1464  1518  1496  1478  1485  1511  1534  1568  1538  1524  1518  1483  1449  1562  1465  
1421  1484  1523  1492  1474  1469  1545  1481  1472  1519  1594  1538  1480  1466  1523  1506  1514  1486  1553  1518  
1518  1501  1508  1492  1464  1470  1442  1517  1510  1490  1489  1518  1450  1491  1496  1529  1570  1505  1543  1570  
1467  1583  1486  1563  1491  1560  1531  1533  1476  1499  1392  1469  1426  1497  1546  1426  1485  1486  1488  1536  
1484  1416  1522  1455  1555  1539  1437  1546  1571  1519  1455  1481  1494  1488  1489  1516  1466  1437  1549  1542  
1520  1524  1508  1471  1501  1494  1541  1510  1449  1470  1488  1521  1461  1560  1416  1605  1479  1462  1450  1525  
1490  1406  1483  1546  1536  1521  1448  1514  1504  1575  1628  1469  1530  1533  1523  1587  1571  1565  1477  1480  
1514  1517  1471  1524  1533  1544  1470  1487  1475  1558  1513  1488  1591  1472  1618  1532  1502  1460  1504  1458  
1559  1538  1529  1494  1529  1591  1524  1500  1535  1449  1491  1506  1523  1521  1549  1484  1497  1414  1372  1496  
1480  1496  1427  1564  1525  1438  1452  1568  1462  1432  1485  1578  1464  1515  1510  1534  1513  1509  1444  1449  
1532  1523  1526  1523  1507  1566  1510  1510  1469  1554  1472  1442  1539  1475  1485  1502  1580  1384  1427  1435  
