1.20015
1468  1457  1572  1471  1486  1541  1533  1568  1462  1458  1452  1506  1389  1539  1639  1483  1635  1498  1449  1553  
1474  1526  1458  1433  1526  1510  1530  1530  1518  1545  1475  1463  1525  1611  1499  1438  1486  1522  1548  1501  
1573  1442  1522  1470  1410  1492  1476  1573  1536  1473  1515  1620  1436  1498  1433  1505  1525  1495  1542  1458  
1473  1402  1502  1467  1559  1553  1526  1525  1490  1537  1509  1446  1566  1491  1535  1457  1528  1471  1533  1509  
1536  1441  1504  1517  1508  1446  1499  1507  1535  1534  1423  1510  1475  1471  1569  1441  1483  1529  1542  1469  
1507  1484  1590  1478  1497  1500  1517  1523  1506  1554  1551  1475  1512  1509  1545  1506  1531  1549  1564  1464  
1506  1493  1524  1519  1534  1507  1533  1534  1519  1509  1519  1495  1477  1503  1509  1546  1488  1538  1470  1538  
1547  1438  1502  1444  1548  1549  1483  1550  1558  1544  1499  1498  1485  1529  1508  1502  1516  1505  1495  1465  
1489  1471  1609  1461  1477  1498  1503  1432  1556  1529  1461  1484  1490  1521  1547  1498  1524  1433  1460  1519  
1502  1461  1477  1548  1474  1389  1463  1499  1598  1454  1432  1509  1482  1470  1524  1472  1565  1411  1545  1497  
1434  1460  1516  1460  1480  1462  1496  1517  1556  1478  1467  1547  1426  1502  1551  1462  1461  1441  1513  1527  
1453  1540  1558  1565  1513  1458  1458  1535  1564  1509  1467  1459  1604  1469  1473  1463  1551  1504  1535  1474  
1553  1586  1460  1473  1498  1547  1544  1564  1437  1476  1522  1552  1534  1511  1462  1493  1521  1467  1476  1500  
1477  1511  1541  1504  1477  1519  1471  1434  1494  1551  1520  1473  1549  1498  1501  1536  1538  1504  1477  1492  
1491  1522  1460  1500  1442  1542  1328  1469  1509  1523  1457  1499  1487  1482  1519  1451  1494  1491  1502  1438  
1483  1541  1550  1426  1485  1450  1485  1453  1426  1437  1543  1481  1474  1571  1479  1464  1447  1575  1550  1508  
1552  1503  1589  1509  1464  1600  1456  1474  1540  1515  1504  1466  1517  1507  1436  1567  1484  1555  1499  1543  
1439  1355  1509  1467  1481  1461  1565  1446  1520  1536  1525  1555  1492  1457  1525  1473  1437  1392  1517  1516  
1518  1412  1514  1461  1526  1517  1464  1461  1342  1471  1473  1502  1451  1519  1437  1501  1538  1527  1479  1442  
1446  1566  1530  1523  1476  1573  1415  1492  1504  1496  1555  1468  1421  1420  1507  1489  1580  1466  1503  1588  
