1.20138
1456  1431  1479  1523  1420  1528  1518  1418  1460  1471  1542  1524  1482  1413  1496  1506  1479  1540  1499  1544  
1476  1494  1493  1480  1509  1501  1422  1505  1515  1502  1497  1480  1485  1514  1482  1443  1475  1518  1590  1554  
1507  1505  1534  1423  1561  1518  1473  1564  1567  1452  1456  1552  1599  1428  1449  1487  1443  1505  1476  1534  
1518  1554  1576  1550  1502  1607  1517  1439  1544  1530  1417  1523  1487  1547  1450  1493  1513  1530  1459  1549  
1471  1476  1446  1534  1547  1515  1455  1609  1546  1515  1486  1512  1542  1596  1480  1520  1563  1463  1514  1508  
1542  1434  1508  1557  1579  1472  1452  1514  1474  1535  1483  1471  1542  1519  1519  1435  1533  1520  1445  1514  
1475  1484  1486  1459  1532  1478  1580  1397  1427  1580  1561  1461  1480  1544  1476  1541  1453  1610  1508  1633  
1467  1564  1429  1482  1486  1475  1503  1479  1523  1543  1475  1521  1505  1528  1519  1479  1566  1489  1434  1540  
1484  1521  1520  1523  1496  1480  1536  1476  1504  1481  1572  1424  1467  1471  1448  1446  1517  1492  1487  1460  
1471  1538  1437  1529  1499  1544  1589  1488  1508  1508  1462  1509  1509  1543  1491  1487  1543  1487  1516  1523  
1461  1494  1476  1552  1471  1386  1518  1459  1406  1502  1484  1543  1509  1530  1475  1558  1475  1512  1446  1482  
1515  1555  1541  1575  1542  1486  1486  1544  1551  1536  1508  1502  1599  1558  1458  1443  1469  1482  1467  1494  
1518  1451  1551  1520  1534  1521  1521  1567  1478  1545  1443  1517  1483  1497  1596  1507  1474  1528  1500  1609  
1474  1530  1505  1480  1511  1550  1592  1547  1475  1432  1512  1540  1531  1485  1524  1555  1637  1521  1493  1509  
1575  1523  1553  1573  1469  1508  1519  1462  1506  1474  1441  1519  1571  1520  1471  1476  1408  1507  1492  1512  
1453  1511  1402  1543  1554  1505  1488  1564  1495  1467  1489  1541  1519  1485  1557  1479  1486  1462  1523  1410  
1503  1511  1527  1525  1535  1472  1478  1543  1490  1518  1517  1381  1498  1425  1477  1489  1549  1489  1461  1500  
1554  1450  1556  1534  1441  1469  1455  1469  1523  1444  1589  1510  1499  1498  1466  1579  1550  1465  1495  1552  
1441  1511  1576  1479  1598  1533  1538  1631  1514  1526  1436  1503  1568  1556  1508  1486  1496  1441  1515  1485  
1471  1440  1540  1508  1483  1427  1437  1485  1497  1455  1504  1506  1478  1497  1506  1452  1446  1530  1478  1495  
