4701  5091  5339  5453  5682  5582  5414  5471  5046  4712  
5096  5665  5941  6033  6230  6249  5966  6186  5758  5105  
5357  6094  6381  6455  6537  6677  6650  6378  6000  5406  
5535  6134  6444  6606  6805  6860  6805  6499  6085  5427  
5395  6279  6841  6840  6978  6969  6784  6599  6343  5475  
5575  6155  6599  6759  6839  6885  6851  6613  6174  5506  
5401  6202  6567  6779  6995  6798  6808  6610  6234  5396  
5484  5837  6383  6599  6436  6650  6555  6423  5954  5230  
5088  5849  5944  6258  6278  6242  6276  5927  5818  5060  
4724  5224  5232  5393  5487  5515  5531  5336  5052  4631  
