1.19906
1267  1269  1151  1215  1223  1110  1187  1148  1224  1204  
1305  1168  1220  1225  1221  1184  1142  1209  1269  1143  
1148  1275  1251  1179  1190  1149  1175  1189  1225  1152  
1135  1256  1217  1133  1166  1132  1196  1252  1250  1203  
1212  1185  1183  1218  1150  1152  1244  1211  1248  1216  
1230  1240  1192  1194  1231  1187  1177  1205  1136  1173  
1160  1257  1184  1261  1182  1217  1228  1179  1180  1171  
1133  1218  1211  1245  1158  1122  1186  1248  1128  1179  
1180  1225  1191  1181  1230  1184  1187  1247  1191  1221  
1237  1220  1199  1203  1219  1195  1162  1217  1215  1164  
