4686  5192  5314  5300  5414  5555  5280  5407  5054  4764  
5183  5665  6099  6272  6264  6091  6138  6090  5699  5094  
5348  6075  6364  6286  6796  6534  6623  6110  6158  5348  
5421  6239  6536  6587  6794  6930  6676  6605  6067  5566  
5456  6133  6663  6737  6625  6966  6737  6677  6222  5656  
5556  6257  6695  6844  6957  6926  6799  6681  6157  5523  
5626  6294  6517  6767  6862  6870  6878  6515  6085  5497  
5366  6021  6296  6485  6558  6610  6345  6442  6060  5246  
5200  5783  5954  6030  6449  6373  6028  5947  5791  5080  
4707  5123  5407  5492  5367  5450  5259  5154  5102  4671  
