1.20394
1202  1254  1225  1143  1199  1195  1162  1199  1188  1214  
1252  1225  1218  1198  1217  1173  1262  1267  1172  1253  
1132  1147  1118  1178  1234  1265  1244  1192  1190  1216  
1203  1207  1163  1089  1269  1210  1223  1186  1165  1194  
1240  1217  1189  1183  1213  1181  1288  1176  1157  1269  
1217  1207  1254  1263  1184  1185  1181  1198  1190  1163  
1153  1179  1183  1174  1234  1220  1221  1202  1267  1137  
1181  1132  1240  1240  1186  1167  1176  1201  1114  1156  
1262  1255  1127  1193  1170  1231  1217  1203  1127  1183  
1264  1183  1155  1211  1188  1172  1253  1292  1228  1283  
