1.19946
1109  1095  1227  1194  1261  1323  1362  1232  1313  1286  1339  1264  1345  1341  1279  1155  1233  1247  1145  1107  
1171  1257  1291  1324  1419  1391  1446  1444  1429  1460  1471  1430  1414  1423  1360  1386  1401  1321  1190  1119  
1203  1309  1361  1421  1509  1465  1519  1530  1529  1588  1492  1454  1512  1481  1534  1470  1397  1395  1350  1151  
1265  1338  1392  1507  1520  1551  1576  1558  1564  1488  1547  1641  1592  1554  1533  1459  1573  1437  1359  1204  
1340  1395  1440  1530  1545  1564  1611  1586  1622  1537  1710  1617  1630  1612  1570  1537  1523  1473  1389  1294  
1265  1353  1494  1582  1595  1629  1575  1710  1711  1553  1673  1669  1611  1654  1641  1596  1499  1486  1447  1282  
1263  1374  1622  1544  1648  1589  1670  1685  1664  1686  1712  1733  1745  1703  1643  1604  1500  1527  1386  1249  
1253  1441  1457  1563  1612  1655  1658  1714  1775  1793  1690  1705  1657  1645  1632  1593  1603  1546  1463  1292  
1323  1459  1519  1584  1648  1697  1644  1753  1679  1725  1710  1689  1675  1629  1614  1608  1586  1471  1483  1275  
1316  1399  1516  1620  1651  1746  1683  1708  1678  1611  1732  1752  1723  1750  1667  1634  1565  1480  1413  1307  
1309  1425  1532  1455  1694  1712  1624  1674  1757  1688  1712  1682  1730  1621  1658  1676  1543  1510  1426  1299  
1319  1423  1503  1530  1593  1634  1655  1655  1757  1697  1727  1743  1644  1717  1637  1671  1517  1622  1495  1331  
1329  1497  1512  1708  1675  1665  1668  1689  1733  1782  1775  1731  1722  1691  1732  1680  1598  1546  1448  1260  
1263  1364  1528  1522  1638  1644  1739  1582  1667  1679  1684  1667  1703  1621  1694  1561  1520  1461  1444  1377  
1322  1406  1481  1538  1658  1562  1704  1688  1694  1749  1647  1655  1731  1655  1641  1569  1550  1534  1456  1281  
1224  1389  1466  1451  1621  1594  1674  1637  1680  1673  1626  1704  1657  1601  1640  1552  1468  1394  1351  1263  
1290  1375  1458  1464  1462  1610  1609  1688  1584  1729  1629  1556  1628  1603  1518  1526  1518  1450  1383  1245  
1200  1301  1385  1461  1468  1521  1510  1568  1534  1578  1554  1450  1608  1459  1518  1490  1403  1419  1367  1214  
1178  1206  1275  1374  1315  1431  1489  1516  1467  1426  1468  1469  1477  1404  1425  1319  1333  1349  1217  1151  
1116  1159  1176  1237  1311  1325  1333  1297  1347  1273  1327  1282  1251  1238  1216  1242  1259  1194  1115  1113  
