1.20396
1048  1119  1225  1306  1229  1257  1326  1365  1291  1291  1325  1346  1269  1312  1213  1269  1222  1171  1132  1101  
1155  1236  1267  1365  1345  1471  1385  1452  1444  1372  1440  1455  1354  1477  1389  1493  1380  1326  1261  1169  
1141  1292  1380  1445  1553  1519  1585  1543  1502  1566  1539  1498  1528  1475  1479  1473  1509  1383  1327  1245  
1245  1359  1494  1499  1551  1542  1574  1602  1564  1569  1538  1640  1581  1549  1561  1490  1512  1450  1377  1214  
1299  1360  1392  1554  1564  1593  1632  1688  1605  1723  1601  1664  1546  1631  1613  1594  1494  1475  1389  1227  
1241  1437  1457  1563  1644  1647  1592  1663  1722  1664  1621  1717  1663  1646  1628  1596  1585  1482  1382  1284  
1244  1423  1554  1460  1716  1685  1641  1678  1782  1653  1697  1713  1756  1577  1680  1662  1561  1550  1464  1323  
1339  1428  1509  1572  1610  1627  1634  1670  1777  1724  1769  1712  1679  1664  1698  1643  1583  1565  1552  1373  
1327  1404  1593  1648  1736  1637  1746  1706  1729  1802  1711  1681  1721  1743  1760  1638  1637  1638  1548  1295  
1335  1414  1572  1573  1640  1718  1629  1739  1691  1737  1718  1668  1733  1704  1734  1666  1643  1540  1415  1289  
1267  1528  1514  1603  1651  1634  1635  1675  1783  1706  1697  1714  1722  1734  1701  1755  1553  1593  1471  1239  
1300  1420  1446  1629  1642  1658  1763  1684  1738  1726  1728  1744  1707  1639  1689  1614  1597  1529  1420  1318  
1348  1460  1627  1664  1577  1620  1726  1734  1790  1726  1775  1752  1703  1694  1661  1595  1539  1530  1470  1267  
1313  1357  1487  1572  1642  1681  1614  1679  1687  1730  1645  1715  1705  1568  1599  1546  1515  1514  1441  1309  
1179  1322  1474  1601  1559  1646  1629  1595  1627  1719  1662  1745  1697  1629  1633  1559  1557  1552  1388  1281  
1285  1361  1492  1539  1559  1581  1625  1636  1633  1680  1626  1616  1603  1640  1655  1605  1460  1485  1433  1340  
1267  1381  1308  1437  1519  1564  1575  1597  1561  1585  1551  1553  1535  1524  1616  1543  1510  1432  1421  1239  
1211  1355  1347  1421  1439  1464  1484  1535  1491  1550  1560  1441  1522  1556  1421  1459  1386  1453  1337  1217  
1161  1284  1325  1392  1374  1404  1440  1451  1459  1519  1430  1497  1378  1332  1342  1408  1376  1330  1257  1144  
1121  1165  1235  1211  1204  1241  1301  1263  1305  1302  1340  1346  1317  1299  1265  1259  1252  1209  1164  1085  
