1.19856
1221  1189  1215  1144  1186  1191  1142  1153  1198  1199  
1269  1198  1166  1175  1191  1233  1182  1181  1224  1216  
1231  1194  1205  1189  1221  1172  1170  1144  1159  1223  
1149  1246  1139  1201  1190  1193  1266  1177  1219  1179  
1231  1237  1229  1272  1151  1136  1256  1153  1275  1169  
1201  1248  1169  1213  1175  1217  1172  1198  1186  1219  
1276  1224  1179  1215  1213  1161  1196  1171  1210  1203  
1144  1216  1261  1247  1178  1143  1160  1209  1218  1154  
1145  1190  1212  1209  1168  1211  1258  1214  1222  1228  
1151  1213  1227  1191  1169  1186  1178  1237  1217  1170  
