4477  4930  5243  5240  5341  5370  5209  5098  4954  4496  
4931  5615  5849  6000  6030  6253  5946  5883  5532  4976  
5078  5785  6025  6149  6510  6474  6330  6032  5833  5226  
5287  5953  6422  6592  6637  6422  6383  6419  6099  5264  
5317  6043  6266  6623  6612  6533  6566  6507  6127  5261  
5376  6046  6275  6601  6650  6349  6352  6325  6092  5285  
5367  5957  6420  6554  6483  6504  6430  6395  6112  5266  
5170  5896  6131  6243  6277  6176  6291  6211  5822  5213  
5001  5540  5983  5890  6026  6051  5911  5849  5673  4830  
4401  4991  5156  5224  5284  5342  5316  5217  4889  4615  
