1.19908
1292  1249  1234  1244  1240  1158  1202  1220  1198  1194  
1195  1213  1283  1241  1174  1166  1214  1252  1192  1198  
1229  1233  1148  1210  1122  1197  1206  1244  1180  1209  
1226  1210  1168  1161  1229  1183  1247  1187  1206  1260  
1201  1219  1201  1153  1219  1154  1173  1254  1148  1164  
1166  1184  1221  1184  1172  1191  1131  1164  1209  1144  
1268  1199  1250  1191  1169  1208  1146  1214  1197  1141  
1207  1188  1205  1227  1189  1199  1148  1142  1210  1177  
1211  1190  1213  1281  1227  1141  1179  1223  1128  1197  
1179  1256  1185  1237  1180  1248  1180  1254  1195  1278  
