1.19965
1173  1170  1275  1264  1179  1177  1194  1192  1238  1209  
1202  1160  1177  1261  1212  1232  1207  1151  1210  1210  
1122  1154  1239  1206  1229  1200  1195  1235  1145  1200  
1254  1240  1180  1175  1128  1192  1156  1169  1120  1215  
1197  1232  1239  1242  1184  1197  1297  1194  1213  1196  
1247  1236  1247  1190  1203  1146  1218  1219  1157  1190  
1209  1174  1202  1180  1191  1191  1213  1203  1164  1162  
1267  1223  1234  1145  1149  1227  1223  1153  1171  1254  
1227  1148  1196  1148  1228  1227  1175  1183  1173  1195  
1212  1166  1229  1247  1186  1208  1230  1248  1179  1210  
