1.20185
1245  1191  1260  1207  1203  1186  1143  1230  1209  1232  
1217  1198  1174  1205  1169  1256  1273  1201  1111  1286  
1231  1224  1141  1139  1168  1196  1210  1132  1206  1147  
1195  1186  1233  1165  1241  1225  1236  1195  1208  1196  
1275  1171  1138  1169  1223  1136  1165  1236  1168  1234  
1270  1229  1204  1296  1125  1228  1186  1214  1147  1194  
1242  1182  1154  1238  1149  1237  1188  1144  1173  1172  
1146  1207  1138  1217  1175  1184  1199  1188  1193  1143  
1213  1245  1243  1185  1176  1134  1183  1188  1238  1184  
1232  1274  1207  1292  1225  1237  1151  1170  1142  1242  
