4480  4894  5079  5132  5293  5163  5225  5102  4916  4468  
4901  5397  5584  5794  5761  5780  5804  5740  5432  4924  
5102  5698  5958  6122  6155  6180  6101  6103  5804  5048  
4985  5866  6071  6095  6284  6329  6254  6098  5756  5130  
5228  5807  6191  6357  6400  6451  6273  6304  5913  5201  
5243  5866  6182  6209  6270  6366  6278  6043  5733  5265  
5108  5721  6048  6159  6340  6476  6246  6089  5808  5108  
5001  5675  5892  6037  6161  6124  6164  5863  5869  4974  
4881  5501  5692  5709  5841  5750  5794  5764  5405  4941  
4360  4799  5023  5105  5150  5305  5254  5115  5141  4535  
