4678  5100  5501  5423  5310  5403  5390  5403  5082  4674  
5035  5696  5880  6214  6220  6120  6229  6047  5707  5119  
5263  6168  6401  6545  6502  6694  6577  6436  5957  5471  
5426  6119  6599  6748  6873  6776  6861  6494  6051  5310  
5377  6215  6689  6770  6835  6794  6780  6688  6317  5462  
5483  6337  6486  6672  6833  6812  6812  6653  6127  5627  
5424  6187  6652  6837  6800  6700  6604  6605  6176  5482  
5422  5953  6447  6562  6633  6591  6414  6376  6015  5169  
5050  5823  6122  6145  6152  6420  6263  6064  5726  5109  
4686  5176  5327  5477  5273  5373  5271  5277  5028  4739  
