1.19874
1149  1167  1207  1221  1204  1303  1321  1302  1311  1320  1345  1248  1285  1352  1248  1268  1182  1225  1115  1130  
1161  1249  1242  1395  1363  1431  1396  1385  1429  1460  1400  1475  1429  1451  1437  1336  1407  1312  1203  1142  
1186  1352  1379  1399  1438  1514  1526  1567  1517  1524  1607  1546  1550  1550  1507  1438  1424  1304  1347  1185  
1234  1456  1400  1425  1520  1475  1581  1619  1594  1586  1523  1596  1579  1653  1512  1546  1406  1430  1300  1188  
1314  1381  1490  1519  1608  1500  1613  1540  1683  1687  1614  1753  1632  1645  1540  1546  1559  1421  1377  1242  
1311  1458  1513  1584  1528  1646  1622  1735  1611  1568  1714  1635  1695  1580  1657  1560  1518  1517  1438  1258  
1247  1418  1523  1575  1584  1650  1698  1667  1729  1704  1747  1685  1654  1696  1630  1656  1577  1436  1367  1260  
1324  1354  1548  1572  1600  1629  1671  1672  1682  1683  1701  1812  1711  1639  1720  1575  1567  1527  1528  1346  
1236  1378  1573  1624  1612  1729  1695  1674  1676  1759  1781  1716  1708  1719  1613  1695  1576  1490  1417  1265  
1327  1436  1523  1547  1662  1676  1704  1762  1753  1718  1752  1670  1721  1552  1729  1555  1613  1514  1441  1328  
1273  1449  1503  1540  1693  1641  1686  1694  1739  1782  1659  1727  1651  1651  1619  1611  1545  1561  1397  1261  
1345  1403  1508  1598  1658  1646  1685  1702  1712  1725  1761  1762  1695  1666  1738  1646  1631  1569  1476  1225  
1266  1452  1456  1624  1561  1669  1643  1685  1681  1764  1740  1753  1762  1694  1623  1635  1647  1493  1456  1247  
1303  1458  1485  1560  1573  1719  1681  1713  1734  1751  1672  1669  1674  1629  1589  1617  1627  1503  1506  1333  
1337  1412  1422  1469  1598  1674  1682  1682  1649  1675  1552  1607  1722  1649  1586  1565  1525  1556  1399  1268  
1216  1414  1552  1477  1579  1588  1574  1627  1683  1681  1633  1609  1543  1598  1605  1693  1544  1443  1349  1312  
1211  1374  1435  1499  1535  1572  1555  1526  1542  1577  1618  1596  1516  1564  1511  1528  1540  1346  1314  1253  
1240  1328  1335  1379  1454  1496  1483  1484  1487  1570  1551  1505  1463  1623  1522  1466  1442  1380  1297  1199  
1134  1294  1348  1464  1481  1327  1413  1411  1414  1421  1399  1442  1426  1454  1411  1434  1305  1328  1282  1233  
1071  1220  1163  1259  1282  1260  1262  1315  1386  1336  1294  1251  1271  1272  1244  1228  1235  1240  1133  1028  
