4746  5186  5333  5489  5493  5430  5395  5269  5023  4775  
5284  5664  6199  6228  6157  6320  6078  6149  5874  5113  
5188  6038  6271  6400  6802  6683  6413  6452  6061  5279  
5429  6222  6540  6614  6833  6720  6823  6583  6255  5470  
5612  6285  6634  6704  6958  6993  6899  6501  6269  5561  
5527  6077  6471  6636  6901  6919  6909  6753  6115  5407  
5478  6249  6527  6561  6641  6735  6658  6629  6216  5330  
5369  6086  6362  6578  6721  6530  6434  6265  6032  5291  
5263  5612  6036  6143  6131  6257  6087  6097  5861  5037  
4778  5074  5325  5452  5481  5585  5317  5284  4999  4722  
