1.20052
1136  1113  1226  1206  1309  1315  1299  1280  1308  1320  1318  1306  1304  1267  1274  1302  1226  1200  1145  1062  
1137  1185  1283  1365  1398  1340  1441  1408  1497  1412  1457  1419  1342  1413  1439  1355  1352  1336  1263  1164  
1260  1353  1426  1477  1436  1435  1498  1635  1546  1474  1576  1570  1553  1454  1490  1432  1433  1359  1419  1170  
1212  1354  1477  1422  1517  1533  1524  1582  1594  1612  1598  1540  1593  1516  1532  1478  1426  1457  1404  1260  
1271  1395  1452  1524  1597  1581  1651  1617  1604  1557  1580  1639  1727  1711  1600  1558  1509  1490  1368  1274  
1278  1430  1493  1625  1555  1567  1707  1657  1718  1686  1603  1609  1654  1642  1681  1612  1590  1526  1340  1320  
1286  1417  1527  1524  1638  1657  1723  1721  1778  1739  1634  1658  1736  1629  1617  1610  1543  1466  1438  1282  
1331  1435  1567  1554  1656  1639  1661  1621  1669  1772  1719  1719  1637  1678  1663  1637  1571  1475  1475  1302  
1248  1467  1542  1582  1591  1626  1759  1713  1640  1736  1737  1804  1620  1710  1617  1617  1639  1475  1436  1309  
1264  1417  1605  1599  1641  1717  1642  1706  1776  1709  1718  1682  1767  1704  1671  1627  1563  1515  1407  1286  
1297  1517  1570  1635  1562  1659  1683  1771  1698  1787  1731  1690  1640  1733  1701  1707  1550  1619  1367  1331  
1283  1488  1552  1613  1659  1637  1665  1763  1682  1774  1727  1766  1679  1692  1645  1692  1566  1530  1448  1285  
1320  1475  1509  1650  1649  1681  1731  1685  1682  1719  1709  1806  1645  1688  1575  1609  1622  1524  1436  1257  
1220  1465  1493  1570  1574  1565  1651  1721  1641  1674  1776  1613  1645  1671  1633  1627  1523  1465  1476  1260  
1329  1430  1434  1522  1555  1638  1651  1725  1629  1738  1687  1646  1630  1613  1683  1565  1650  1572  1330  1300  
1258  1369  1536  1509  1504  1721  1593  1605  1627  1578  1596  1668  1619  1651  1615  1541  1475  1507  1484  1215  
1232  1313  1384  1467  1461  1610  1539  1608  1605  1576  1623  1556  1557  1567  1502  1570  1513  1427  1350  1256  
1222  1307  1462  1393  1405  1518  1463  1519  1521  1528  1469  1556  1509  1467  1470  1362  1478  1458  1331  1273  
1165  1242  1328  1368  1352  1445  1437  1433  1439  1494  1464  1496  1381  1359  1406  1328  1317  1324  1227  1157  
1072  1204  1282  1302  1334  1234  1373  1318  1317  1344  1337  1314  1297  1240  1264  1208  1227  1207  1224  1104  
