4727  5121  5448  5370  5559  5455  5399  5411  5184  4710  
5056  5736  6195  6159  6165  6258  6100  6137  5759  5055  
5251  6025  6323  6473  6560  6521  6513  6482  5869  5395  
5373  6084  6699  6673  6787  6835  6642  6585  6203  5268  
5396  6237  6661  6712  6928  6930  6876  6556  6372  5504  
5430  6282  6653  6510  6847  6986  6821  6536  6207  5519  
5431  6278  6559  6838  6598  6904  6665  6389  5980  5581  
5331  5977  6359  6704  6595  6587  6681  6295  6096  5284  
5215  5701  6080  6139  6332  6201  5950  6032  5782  5062  
4643  5099  5342  5329  5465  5520  5279  5345  5201  4551  
