4729  5193  5264  5423  5305  5511  5391  5283  5201  4707  
5142  5695  6094  6168  6162  6302  6065  6068  5738  5150  
5279  6002  6187  6744  6561  6766  6538  6244  6046  5182  
5417  6380  6549  6566  6855  6913  6797  6740  6149  5466  
5416  6240  6515  6827  6768  6914  6879  6794  6370  5529  
5534  6382  6420  6872  6911  6994  6821  6639  6174  5526  
5476  6198  6524  6724  6808  6648  6871  6663  5955  5256  
5396  5960  6217  6545  6583  6683  6296  6471  6088  5191  
5201  5839  5931  6228  6304  6203  6176  6191  5704  5075  
4646  5195  5382  5366  5501  5400  5318  5173  5102  4660  
