4824  5198  5170  5402  5496  5490  5446  5484  5012  4753  
5130  5792  5848  6131  6351  6289  6100  6083  5714  4982  
5336  5964  6402  6589  6643  6591  6492  6369  6159  5322  
5387  6154  6459  6743  6800  6776  6897  6355  6174  5528  
5630  6240  6730  6699  6733  6888  6842  6700  6082  5437  
5386  6317  6521  6842  6979  6972  6779  6486  6255  5516  
5501  6211  6501  6667  6944  6816  6777  6683  6060  5449  
5428  6141  6373  6465  6634  6580  6548  6421  5989  5383  
5204  5844  5995  6486  6415  6217  6011  6000  5599  5031  
4662  5211  5429  5455  5539  5452  5352  5361  5194  4773  
