1.19946
1214  1237  1164  1176  1220  1191  1272  1254  1265  1218  
1231  1177  1212  1179  1219  1155  1144  1184  1147  1282  
1177  1172  1216  1158  1262  1213  1249  1137  1208  1196  
1149  1152  1136  1255  1220  1116  1227  1179  1243  1235  
1191  1173  1138  1125  1203  1246  1194  1170  1239  1182  
1197  1238  1232  1119  1165  1200  1208  1228  1136  1186  
1264  1189  1148  1218  1267  1225  1182  1153  1158  1219  
1131  1262  1164  1224  1196  1169  1171  1135  1295  1293  
1178  1273  1272  1177  1210  1192  1170  1119  1224  1186  
1233  1141  1188  1125  1258  1189  1194  1190  1224  1178  
