1.19842
1057  1136  1220  1224  1245  1246  1262  1288  1299  1352  1340  1325  1352  1342  1219  1288  1196  1206  1218  1069  
1172  1219  1285  1328  1392  1430  1473  1407  1446  1460  1474  1456  1445  1361  1422  1435  1421  1256  1283  1129  
1231  1293  1369  1364  1486  1471  1504  1486  1512  1529  1562  1486  1589  1518  1432  1434  1434  1313  1308  1230  
1302  1338  1332  1457  1543  1580  1601  1532  1560  1620  1552  1579  1538  1543  1519  1536  1491  1395  1405  1205  
1263  1421  1502  1551  1503  1569  1582  1651  1654  1594  1659  1607  1563  1593  1594  1495  1533  1488  1410  1236  
1264  1501  1502  1548  1534  1661  1608  1688  1657  1725  1686  1702  1611  1643  1604  1614  1589  1449  1392  1297  
1386  1369  1589  1576  1630  1593  1670  1605  1682  1661  1745  1710  1742  1651  1672  1562  1578  1521  1420  1251  
1370  1410  1556  1567  1637  1662  1635  1702  1736  1743  1531  1701  1725  1644  1692  1595  1563  1480  1429  1309  
1274  1452  1550  1678  1574  1721  1733  1734  1767  1761  1823  1824  1755  1724  1612  1737  1663  1524  1463  1249  
1279  1356  1529  1621  1635  1719  1600  1648  1755  1728  1705  1651  1678  1669  1605  1661  1594  1572  1523  1450  
1415  1412  1508  1600  1603  1632  1692  1697  1735  1756  1701  1783  1798  1641  1575  1635  1610  1487  1440  1287  
1270  1498  1546  1523  1617  1721  1768  1762  1718  1677  1697  1662  1711  1698  1718  1554  1653  1489  1455  1330  
1345  1510  1572  1594  1566  1704  1730  1660  1733  1593  1644  1723  1717  1663  1613  1657  1590  1479  1393  1307  
1264  1481  1505  1581  1504  1578  1642  1741  1738  1655  1734  1683  1654  1633  1626  1543  1599  1498  1476  1316  
1289  1366  1461  1524  1714  1644  1660  1596  1653  1746  1664  1627  1560  1614  1629  1534  1496  1555  1345  1253  
1235  1420  1453  1488  1490  1619  1611  1600  1695  1605  1607  1693  1586  1637  1539  1519  1552  1467  1318  1248  
1199  1377  1396  1558  1479  1496  1469  1565  1575  1627  1579  1548  1605  1547  1478  1462  1415  1448  1381  1251  
1203  1372  1403  1421  1489  1550  1516  1590  1489  1576  1544  1562  1523  1501  1499  1501  1451  1460  1292  1153  
1194  1243  1290  1314  1342  1398  1420  1401  1441  1425  1500  1461  1449  1380  1392  1353  1369  1317  1326  1206  
1094  1134  1214  1219  1298  1223  1315  1316  1303  1279  1260  1301  1286  1244  1273  1264  1289  1176  1176  1112  
