4716  5101  5386  5537  5554  5504  5264  5455  5132  4673  
5169  5627  6027  6127  6193  6266  6140  6096  5843  5133  
5328  6073  6411  6394  6465  6700  6605  6363  6076  5325  
5387  6134  6578  6607  6889  6737  6767  6569  6235  5500  
5464  6386  6497  6876  6759  7000  6928  6654  6141  5545  
5475  6178  6502  6794  6812  6957  6794  6525  6110  5413  
5394  6200  6608  6832  6801  6769  6799  6658  6219  5407  
5414  5908  6395  6459  6777  6460  6655  6273  5965  5231  
5146  5702  6061  6303  6318  6170  6146  6023  5735  5098  
4797  5232  5311  5463  5537  5481  5515  5258  5184  4589  
