1.19771
1201  1176  1146  1192  1256  1167  1210  1201  1199  1210  
1107  1278  1208  1239  1194  1167  1109  1220  1263  1206  
1270  1113  1204  1196  1207  1216  1182  1206  1284  1166  
1204  1165  1192  1172  1181  1152  1117  1223  1181  1222  
1176  1174  1189  1165  1195  1212  1289  1159  1223  1150  
1208  1221  1182  1209  1244  1219  1187  1213  1272  1220  
1214  1233  1134  1190  1195  1131  1244  1192  1211  1245  
1098  1224  1226  1154  1178  1196  1162  1217  1170  1225  
1138  1262  1194  1208  1271  1201  1203  1217  1256  1190  
1184  1238  1149  1135  1221  1204  1248  1168  1141  1160  
