1.19952
1186  1172  1162  1214  1218  1170  1174  1195  1250  1186  
1176  1204  1182  1209  1170  1243  1236  1232  1185  1194  
1162  1257  1182  1182  1159  1184  1193  1255  1127  1167  
1208  1197  1167  1286  1198  1137  1202  1199  1192  1226  
1237  1247  1270  1154  1179  1202  1216  1150  1229  1170  
1158  1270  1243  1218  1198  1149  1209  1217  1303  1201  
1211  1246  1192  1173  1164  1248  1222  1216  1157  1189  
1267  1170  1233  1145  1154  1175  1150  1183  1236  1318  
1115  1193  1183  1243  1186  1208  1197  1181  1200  1178  
1199  1238  1257  1173  1221  1143  1118  1200  1209  1216  
