1.19857
1063  1167  1207  1152  1261  1225  1301  1264  1258  1289  1285  1284  1329  1309  1204  1189  1197  1186  1149  1149  
1203  1285  1336  1390  1431  1407  1417  1374  1403  1498  1428  1415  1412  1417  1410  1393  1338  1317  1274  1197  
1211  1248  1341  1469  1519  1469  1464  1607  1494  1546  1558  1586  1464  1510  1489  1399  1436  1435  1274  1208  
1259  1273  1370  1585  1562  1591  1533  1580  1593  1553  1649  1568  1629  1612  1600  1536  1543  1405  1447  1215  
1246  1351  1489  1474  1615  1628  1613  1623  1658  1663  1657  1465  1649  1531  1640  1562  1482  1467  1389  1333  
1264  1508  1526  1532  1542  1606  1562  1626  1670  1689  1618  1701  1621  1660  1627  1574  1517  1469  1435  1261  
1298  1489  1464  1593  1577  1646  1703  1679  1658  1731  1677  1756  1678  1676  1660  1592  1544  1513  1465  1261  
1226  1460  1535  1616  1617  1625  1624  1604  1691  1771  1713  1672  1726  1695  1681  1652  1558  1470  1426  1292  
1285  1428  1454  1574  1566  1657  1594  1702  1730  1763  1633  1686  1753  1734  1674  1697  1575  1573  1417  1356  
1310  1480  1574  1614  1640  1643  1723  1779  1733  1702  1791  1776  1701  1666  1707  1648  1608  1568  1413  1312  
1301  1433  1534  1564  1613  1610  1674  1732  1725  1684  1736  1701  1650  1702  1661  1679  1536  1517  1437  1307  
1319  1479  1530  1577  1595  1679  1714  1646  1662  1804  1674  1716  1613  1702  1669  1669  1597  1538  1386  1263  
1284  1505  1483  1609  1690  1683  1748  1652  1691  1720  1739  1631  1642  1782  1693  1546  1522  1463  1453  1287  
1231  1447  1544  1616  1677  1555  1705  1662  1688  1706  1670  1838  1655  1599  1627  1621  1600  1532  1397  1313  
1291  1374  1450  1550  1625  1597  1697  1692  1709  1700  1578  1623  1683  1656  1644  1646  1507  1471  1513  1252  
1253  1321  1506  1515  1644  1581  1640  1669  1648  1600  1576  1626  1589  1602  1514  1477  1611  1404  1416  1262  
1228  1334  1396  1483  1592  1583  1557  1579  1515  1639  1622  1537  1551  1529  1497  1455  1531  1375  1434  1262  
1236  1317  1285  1480  1432  1412  1561  1531  1516  1520  1555  1543  1494  1538  1385  1510  1502  1345  1319  1266  
1166  1275  1372  1360  1436  1385  1515  1415  1491  1489  1469  1391  1459  1416  1409  1369  1366  1327  1309  1154  
1079  1235  1229  1257  1215  1311  1274  1375  1356  1313  1324  1318  1249  1267  1272  1206  1243  1184  1138  1138  
