1.20079
1085  1211  1191  1247  1308  1373  1271  1271  1311  1268  1354  1282  1268  1352  1311  1266  1296  1230  1174  1111  
1175  1237  1364  1378  1346  1411  1345  1376  1476  1494  1419  1383  1414  1484  1387  1413  1373  1307  1241  1175  
1197  1306  1434  1397  1535  1515  1454  1542  1575  1580  1564  1489  1447  1481  1477  1494  1436  1396  1321  1207  
1291  1458  1371  1484  1525  1529  1556  1423  1594  1622  1535  1659  1561  1543  1527  1502  1495  1448  1346  1218  
1316  1354  1499  1565  1531  1596  1605  1539  1629  1673  1651  1669  1555  1633  1594  1542  1539  1401  1410  1253  
1287  1401  1561  1544  1574  1638  1672  1629  1701  1693  1664  1712  1699  1746  1613  1576  1608  1429  1398  1251  
1260  1472  1566  1577  1715  1658  1653  1610  1751  1618  1766  1612  1622  1640  1631  1554  1563  1553  1379  1254  
1358  1339  1515  1662  1634  1663  1646  1707  1648  1655  1656  1704  1650  1616  1611  1591  1673  1588  1465  1285  
1312  1389  1501  1611  1589  1630  1714  1708  1685  1746  1735  1733  1661  1700  1674  1691  1626  1461  1391  1287  
1276  1440  1545  1602  1608  1690  1744  1800  1692  1736  1690  1756  1674  1777  1649  1626  1621  1526  1453  1261  
1256  1409  1578  1696  1577  1670  1709  1690  1755  1780  1756  1757  1684  1674  1598  1636  1606  1515  1555  1284  
1328  1458  1563  1627  1626  1688  1729  1774  1688  1802  1805  1710  1653  1738  1696  1645  1580  1533  1398  1283  
1301  1381  1648  1648  1645  1644  1667  1681  1718  1735  1636  1724  1680  1761  1680  1628  1630  1459  1435  1277  
1312  1434  1453  1592  1626  1623  1584  1663  1603  1743  1744  1635  1621  1638  1633  1605  1550  1553  1329  1253  
1270  1441  1493  1550  1557  1689  1572  1694  1628  1617  1758  1684  1668  1621  1553  1597  1570  1497  1337  1318  
1248  1348  1443  1480  1579  1597  1637  1615  1736  1568  1647  1636  1595  1638  1538  1485  1504  1468  1377  1267  
1249  1346  1440  1527  1516  1526  1534  1586  1569  1610  1637  1594  1537  1538  1592  1541  1519  1410  1367  1289  
1288  1352  1428  1453  1430  1499  1573  1586  1580  1561  1584  1477  1410  1573  1533  1432  1387  1448  1259  1196  
1162  1242  1409  1403  1340  1380  1511  1479  1399  1459  1424  1489  1462  1409  1389  1331  1347  1324  1261  1126  
1069  1200  1187  1208  1287  1339  1278  1336  1272  1297  1265  1334  1298  1255  1327  1259  1201  1263  1145  1160  
