1.20127
1095  1169  1236  1201  1247  1274  1332  1265  1330  1247  1280  1276  1349  1375  1287  1278  1266  1286  1151  1062  
1190  1207  1291  1322  1373  1462  1423  1375  1416  1456  1435  1460  1416  1500  1455  1363  1323  1291  1227  1196  
1192  1249  1413  1408  1498  1505  1482  1534  1526  1507  1452  1581  1477  1421  1585  1469  1433  1377  1373  1216  
1260  1302  1460  1500  1473  1530  1565  1603  1645  1570  1579  1626  1598  1539  1553  1487  1367  1499  1307  1240  
1303  1388  1507  1548  1611  1625  1597  1579  1651  1650  1726  1591  1616  1603  1616  1607  1576  1449  1345  1298  
1333  1445  1495  1533  1597  1618  1640  1656  1657  1649  1642  1723  1670  1728  1619  1579  1586  1508  1508  1318  
1293  1457  1532  1528  1618  1625  1726  1748  1687  1695  1608  1646  1634  1668  1614  1590  1523  1462  1348  1299  
1330  1432  1484  1470  1632  1603  1655  1727  1730  1694  1773  1655  1678  1659  1675  1681  1553  1589  1398  1311  
1277  1478  1495  1686  1602  1688  1664  1700  1750  1697  1729  1680  1683  1658  1737  1658  1639  1481  1425  1247  
1353  1448  1483  1532  1584  1624  1708  1723  1771  1784  1731  1763  1778  1742  1638  1573  1547  1547  1492  1312  
1282  1487  1534  1585  1621  1717  1667  1724  1731  1758  1659  1666  1738  1739  1676  1674  1575  1509  1416  1339  
1224  1401  1546  1541  1600  1673  1712  1681  1755  1710  1737  1746  1544  1765  1588  1562  1555  1601  1516  1312  
1274  1417  1515  1601  1617  1788  1631  1691  1704  1715  1665  1796  1700  1748  1681  1619  1527  1528  1440  1294  
1240  1422  1516  1610  1610  1715  1719  1622  1608  1726  1647  1690  1666  1663  1624  1669  1570  1479  1427  1251  
1231  1444  1475  1542  1531  1526  1599  1672  1755  1764  1661  1734  1610  1597  1633  1576  1556  1493  1409  1257  
1293  1387  1456  1494  1539  1597  1594  1649  1656  1650  1636  1585  1684  1647  1633  1558  1532  1390  1340  1284  
1222  1380  1466  1467  1547  1551  1554  1700  1612  1568  1611  1587  1559  1582  1563  1597  1471  1444  1364  1248  
1173  1387  1378  1395  1474  1556  1519  1602  1594  1546  1493  1576  1563  1495  1577  1484  1448  1427  1324  1167  
1174  1239  1353  1389  1359  1412  1462  1475  1454  1441  1428  1446  1431  1373  1403  1390  1373  1345  1279  1167  
1057  1144  1179  1256  1291  1303  1250  1285  1239  1272  1377  1318  1290  1257  1239  1313  1142  1157  1208  1077  
