1.1258
1066  1163  1212  1180  1167  1157  1249  1162  1186  1185  1257  1246  1190  1227  1282  1168  1205  1258  1101  1058  
1104  1167  1280  1367  1332  1393  1348  1390  1342  1323  1350  1368  1327  1356  1387  1268  1302  1242  1231  1125  
1172  1287  1338  1424  1433  1348  1409  1449  1369  1399  1454  1496  1468  1388  1406  1376  1398  1363  1273  1179  
1179  1245  1311  1484  1465  1484  1481  1523  1454  1519  1491  1533  1540  1515  1419  1488  1374  1379  1299  1178  
1237  1270  1399  1490  1459  1529  1478  1590  1540  1530  1524  1560  1582  1484  1569  1535  1417  1380  1276  1233  
1249  1359  1480  1410  1514  1484  1468  1569  1584  1592  1593  1468  1496  1463  1569  1504  1439  1391  1333  1237  
1239  1272  1416  1463  1468  1606  1575  1526  1626  1614  1660  1605  1583  1590  1542  1429  1519  1548  1348  1253  
1263  1339  1443  1427  1594  1480  1586  1595  1615  1621  1588  1640  1577  1692  1569  1469  1584  1473  1414  1222  
1225  1397  1508  1496  1553  1556  1596  1694  1545  1667  1659  1609  1710  1607  1576  1560  1622  1468  1343  1276  
1232  1421  1451  1565  1597  1565  1588  1653  1629  1603  1625  1619  1591  1588  1622  1564  1486  1435  1351  1228  
1267  1383  1407  1450  1506  1536  1519  1670  1629  1623  1626  1612  1669  1653  1595  1639  1423  1476  1419  1241  
1251  1365  1431  1485  1521  1562  1590  1637  1654  1657  1597  1614  1628  1663  1531  1592  1586  1459  1309  1226  
1217  1327  1475  1508  1548  1602  1560  1560  1612  1650  1667  1555  1611  1527  1621  1552  1546  1502  1387  1200  
1216  1386  1458  1504  1518  1627  1602  1584  1671  1588  1628  1593  1567  1517  1498  1541  1508  1456  1332  1212  
1284  1338  1466  1513  1511  1523  1516  1653  1540  1521  1570  1617  1580  1531  1530  1433  1449  1439  1354  1192  
1153  1358  1392  1469  1436  1439  1469  1531  1564  1502  1604  1534  1577  1484  1569  1519  1395  1495  1217  1226  
1161  1402  1354  1426  1498  1442  1414  1515  1507  1530  1517  1496  1512  1539  1535  1440  1394  1381  1310  1172  
1133  1217  1305  1342  1386  1383  1404  1409  1461  1481  1491  1544  1478  1445  1429  1379  1322  1306  1296  1181  
1164  1233  1316  1234  1352  1352  1316  1339  1336  1308  1437  1392  1357  1344  1274  1245  1243  1264  1234  1085  
1112  1171  1141  1162  1212  1119  1259  1245  1233  1249  1259  1265  1185  1256  1179  1215  1139  1140  1123  1087  
