1.20134
1121  1183  1149  1275  1274  1259  1252  1259  1293  1297  1242  1286  1306  1274  1263  1252  1181  1187  1163  1165  
1149  1218  1283  1371  1385  1454  1363  1426  1418  1411  1494  1464  1504  1431  1405  1415  1364  1315  1205  1168  
1237  1263  1457  1509  1431  1447  1576  1506  1520  1616  1550  1533  1507  1544  1417  1487  1423  1406  1405  1242  
1256  1380  1359  1477  1451  1529  1585  1520  1642  1590  1573  1629  1575  1533  1511  1514  1566  1491  1310  1328  
1280  1430  1468  1559  1606  1554  1623  1644  1593  1653  1607  1616  1670  1653  1649  1568  1569  1471  1388  1296  
1256  1397  1497  1493  1614  1557  1637  1663  1701  1670  1691  1708  1803  1588  1685  1585  1556  1462  1372  1277  
1329  1380  1480  1652  1544  1682  1670  1686  1663  1688  1679  1692  1777  1653  1688  1653  1562  1443  1419  1248  
1280  1447  1480  1518  1591  1673  1730  1701  1704  1706  1780  1682  1679  1686  1681  1526  1588  1536  1503  1396  
1311  1397  1530  1529  1652  1621  1688  1670  1738  1662  1770  1787  1682  1771  1772  1667  1537  1459  1422  1377  
1280  1370  1494  1543  1610  1635  1695  1627  1704  1762  1703  1670  1716  1677  1611  1583  1602  1504  1407  1351  
1284  1415  1571  1669  1684  1647  1639  1691  1791  1775  1802  1681  1729  1712  1683  1662  1623  1541  1420  1279  
1320  1427  1504  1514  1642  1695  1613  1769  1667  1729  1710  1690  1785  1706  1696  1600  1603  1565  1449  1294  
1290  1395  1476  1572  1710  1601  1719  1720  1727  1677  1697  1741  1684  1676  1735  1637  1662  1519  1449  1336  
1276  1335  1515  1625  1585  1615  1593  1627  1715  1652  1732  1713  1741  1643  1576  1686  1603  1513  1388  1287  
1284  1401  1465  1582  1573  1603  1622  1675  1611  1690  1662  1559  1685  1661  1596  1598  1517  1492  1374  1326  
1283  1355  1493  1492  1578  1627  1595  1622  1689  1620  1563  1609  1674  1680  1496  1631  1561  1468  1411  1265  
1268  1333  1457  1481  1581  1518  1662  1489  1628  1509  1630  1672  1628  1609  1595  1479  1378  1467  1435  1217  
1214  1351  1388  1477  1417  1571  1551  1516  1587  1476  1516  1571  1600  1488  1396  1448  1444  1325  1322  1232  
1190  1264  1330  1334  1350  1438  1445  1369  1464  1499  1458  1451  1452  1467  1426  1390  1374  1327  1279  1110  
1091  1134  1270  1270  1246  1268  1341  1253  1351  1295  1328  1339  1350  1276  1231  1295  1230  1169  1188  1054  
