1.20225
1108  1174  1198  1203  1245  1227  1306  1362  1258  1308  1275  1331  1245  1303  1226  1261  1240  1179  1145  979  
1141  1296  1244  1352  1369  1423  1424  1448  1445  1479  1403  1482  1362  1423  1370  1362  1396  1312  1305  1152  
1158  1267  1418  1371  1469  1555  1516  1510  1558  1587  1624  1471  1511  1508  1463  1475  1422  1406  1356  1125  
1258  1350  1415  1491  1448  1568  1490  1655  1559  1578  1657  1497  1589  1625  1634  1434  1508  1486  1379  1172  
1236  1446  1481  1544  1575  1578  1607  1660  1556  1662  1575  1639  1658  1691  1584  1572  1551  1408  1430  1270  
1344  1431  1459  1523  1544  1620  1651  1704  1652  1669  1735  1689  1668  1652  1591  1490  1575  1452  1393  1229  
1314  1439  1567  1621  1630  1644  1638  1662  1678  1698  1694  1714  1732  1663  1652  1544  1608  1561  1468  1355  
1370  1435  1533  1629  1645  1664  1664  1656  1755  1794  1757  1719  1694  1712  1673  1639  1591  1506  1423  1354  
1277  1457  1574  1599  1715  1682  1718  1777  1752  1705  1712  1730  1725  1680  1686  1689  1645  1508  1420  1315  
1259  1403  1444  1589  1632  1687  1633  1719  1714  1751  1751  1704  1740  1700  1701  1654  1620  1516  1536  1369  
1394  1403  1584  1616  1653  1633  1685  1735  1735  1713  1696  1684  1664  1689  1652  1648  1626  1532  1385  1386  
1324  1430  1523  1612  1617  1642  1796  1730  1764  1683  1714  1792  1742  1705  1721  1549  1589  1579  1433  1279  
1347  1433  1551  1561  1657  1666  1712  1670  1635  1695  1638  1692  1688  1642  1661  1648  1557  1497  1481  1342  
1294  1462  1490  1570  1600  1683  1660  1679  1711  1732  1659  1654  1599  1657  1635  1598  1558  1550  1396  1211  
1243  1485  1484  1461  1610  1637  1707  1642  1673  1650  1715  1650  1621  1663  1640  1657  1567  1439  1437  1300  
1239  1451  1437  1498  1547  1613  1575  1667  1599  1627  1638  1669  1637  1597  1553  1568  1522  1498  1349  1268  
1258  1393  1433  1506  1551  1541  1570  1546  1533  1594  1614  1552  1588  1532  1570  1502  1454  1451  1399  1214  
1213  1308  1410  1400  1545  1507  1520  1469  1539  1533  1530  1562  1481  1575  1462  1498  1407  1416  1323  1237  
1134  1301  1250  1406  1408  1458  1376  1430  1482  1494  1475  1463  1417  1430  1362  1411  1428  1283  1258  1093  
1096  1156  1215  1225  1236  1271  1274  1272  1319  1313  1333  1298  1292  1300  1260  1252  1196  1209  1142  1140  
