1.19795
1199  1213  1172  1259  1223  1242  1215  1210  1229  1239  
1161  1185  1196  1215  1235  1249  1264  1210  1158  1215  
1166  1168  1232  1180  1137  1249  1171  1159  1174  1255  
1173  1199  1170  1231  1256  1165  1133  1152  1193  1193  
1173  1216  1204  1126  1223  1201  1206  1274  1217  1171  
1176  1182  1164  1112  1220  1195  1189  1219  1156  1191  
1263  1202  1239  1181  1255  1247  1120  1149  1268  1188  
1221  1238  1140  1258  1148  1180  1274  1128  1213  1213  
1199  1254  1183  1211  1183  1240  1172  1129  1281  1205  
1161  1228  1186  1150  1247  1223  1205  1211  1154  1158  
