1.20122
1238  1260  1199  1300  1179  1121  1191  1178  1146  1215  
1153  1154  1199  1228  1199  1207  1235  1139  1199  1277  
1188  1161  1303  1235  1150  1168  1220  1248  1199  1249  
1160  1249  1158  1200  1173  1265  1235  1161  1159  1227  
1152  1250  1196  1218  1190  1202  1169  1173  1165  1193  
1235  1229  1227  1269  1112  1188  1194  1149  1240  1168  
1224  1145  1236  1240  1209  1185  1201  1137  1139  1169  
1200  1207  1183  1152  1199  1276  1160  1215  1268  1247  
1224  1286  1246  1117  1247  1223  1225  1144  1161  1218  
1203  1158  1146  1281  1130  1136  1252  1238  1155  1236  
