1.18469
1149  1171  1141  1142  1129  1185  1181  1159  1194  1209  
1135  1140  1117  1216  1190  1235  1134  1184  1185  1175  
1193  1208  1218  1108  1197  1176  1220  1171  1225  1183  
1196  1176  1151  1139  1224  1215  1183  1181  1129  1192  
1268  1244  1259  1198  1205  1144  1252  1145  1222  1185  
1188  1240  1169  1202  1213  1140  1208  1148  1216  1155  
1240  1159  1203  1187  1211  1211  1136  1153  1165  1154  
1167  1224  1178  1190  1232  1250  1227  1315  1193  1155  
1158  1221  1090  1213  1163  1182  1197  1254  1141  1224  
1153  1239  1217  1223  1205  1204  1209  1210  1227  1129  
