4740  5269  5247  5376  5474  5434  5503  5111  5058  4666  
5058  5742  6044  6281  6172  6114  6294  6079  5693  4971  
5336  6066  6473  6534  6713  6587  6509  6230  6133  5296  
5363  6092  6562  6689  6939  6860  6755  6651  6156  5490  
5418  6227  6746  6726  6982  6759  6721  6653  6152  5468  
5474  6336  6671  6791  6933  6705  6710  6583  6216  5498  
5362  6221  6531  6695  6839  6833  6868  6642  6330  5477  
5372  5888  6518  6482  6534  6647  6595  6483  5990  5341  
5269  5786  6057  6191  6122  6192  6197  5909  5752  5059  
4788  5087  5330  5397  5389  5546  5500  5399  4919  4668  
