1.19926
1095  1203  1252  1219  1233  1280  1254  1337  1348  1380  1274  1302  1270  1279  1275  1257  1277  1247  1156  1106  
1153  1299  1358  1316  1387  1388  1448  1378  1443  1435  1393  1368  1455  1398  1440  1407  1338  1291  1236  1176  
1185  1321  1366  1383  1494  1502  1579  1557  1531  1593  1557  1586  1543  1476  1568  1475  1395  1389  1329  1233  
1244  1395  1403  1412  1560  1533  1565  1602  1617  1498  1558  1600  1526  1517  1571  1505  1510  1336  1330  1286  
1176  1454  1425  1498  1501  1624  1635  1602  1600  1626  1585  1708  1557  1571  1584  1663  1572  1456  1340  1314  
1283  1399  1482  1523  1569  1668  1699  1674  1622  1669  1675  1683  1655  1602  1662  1465  1487  1477  1387  1296  
1309  1487  1492  1574  1713  1632  1631  1645  1763  1719  1640  1651  1745  1578  1632  1558  1558  1520  1488  1255  
1266  1460  1478  1590  1676  1667  1708  1690  1724  1720  1703  1724  1687  1747  1594  1633  1586  1565  1456  1213  
1272  1409  1508  1643  1673  1676  1714  1737  1662  1725  1779  1650  1660  1690  1654  1632  1599  1431  1439  1307  
1336  1493  1566  1605  1605  1739  1677  1691  1627  1707  1746  1700  1633  1730  1658  1597  1574  1588  1441  1325  
1320  1368  1518  1670  1690  1669  1715  1614  1740  1731  1702  1747  1772  1668  1685  1637  1544  1537  1429  1274  
1270  1391  1578  1605  1662  1574  1697  1686  1673  1707  1760  1751  1785  1639  1656  1669  1657  1520  1482  1249  
1279  1336  1540  1583  1561  1642  1687  1735  1681  1679  1762  1737  1691  1635  1667  1647  1595  1485  1427  1294  
1273  1396  1539  1505  1630  1582  1678  1707  1588  1702  1713  1647  1704  1708  1685  1673  1535  1544  1396  1263  
1290  1413  1550  1525  1734  1660  1600  1707  1734  1694  1712  1677  1697  1660  1676  1629  1559  1455  1405  1265  
1197  1397  1437  1573  1619  1642  1647  1567  1585  1668  1672  1674  1630  1587  1595  1630  1548  1459  1369  1308  
1241  1352  1508  1516  1544  1586  1585  1497  1563  1571  1597  1621  1574  1535  1552  1564  1464  1413  1394  1185  
1208  1297  1391  1441  1440  1388  1497  1475  1461  1538  1531  1542  1520  1492  1485  1433  1429  1454  1286  1229  
1218  1272  1348  1348  1369  1391  1379  1438  1432  1398  1401  1470  1427  1481  1396  1311  1379  1354  1198  1185  
1145  1144  1174  1292  1249  1331  1272  1305  1194  1304  1349  1271  1254  1301  1296  1279  1243  1216  1147  1148  
