1.1983
1165  1188  1256  1176  1144  1214  1162  1267  1248  1205  
1179  1209  1199  1126  1224  1166  1265  1155  1220  1169  
1223  1173  1173  1233  1139  1213  1183  1140  1142  1196  
1315  1229  1262  1233  1248  1215  1157  1208  1194  1227  
1164  1195  1233  1217  1139  1224  1209  1264  1232  1170  
1249  1256  1253  1202  1210  1177  1243  1259  1204  1229  
1201  1249  1207  1225  1152  1169  1167  1188  1211  1154  
1167  1203  1169  1241  1110  1181  1181  1167  1161  1189  
1140  1219  1184  1175  1161  1195  1251  1203  1227  1228  
1177  1166  1214  1177  1183  1209  1159  1270  1233  1190  
