1.19624
1240  1181  1187  1227  1219  1182  1126  1227  1148  1209  
1225  1156  1179  1182  1175  1149  1241  1312  1256  1217  
1185  1210  1138  1208  1210  1191  1156  1166  1185  1180  
1217  1188  1164  1195  1173  1130  1146  1178  1232  1151  
1316  1253  1166  1201  1242  1231  1237  1259  1142  1122  
1227  1208  1237  1245  1148  1153  1195  1192  1173  1181  
1238  1209  1212  1193  1165  1219  1206  1251  1235  1121  
1196  1222  1181  1195  1214  1210  1240  1153  1209  1185  
1136  1186  1192  1181  1307  1158  1177  1182  1170  1212  
1237  1256  1213  1204  1215  1181  1169  1165  1216  1176  
