1.20191
1094  1105  1224  1228  1255  1334  1322  1316  1311  1275  1222  1294  1261  1319  1272  1245  1246  1255  1180  1073  
1127  1235  1265  1366  1353  1473  1453  1398  1380  1417  1472  1428  1417  1502  1332  1403  1351  1363  1248  1176  
1223  1293  1394  1427  1446  1448  1543  1463  1564  1482  1529  1576  1568  1433  1530  1442  1378  1360  1307  1196  
1213  1347  1427  1526  1468  1571  1582  1543  1520  1617  1652  1558  1576  1564  1558  1483  1480  1495  1338  1188  
1260  1365  1477  1544  1628  1576  1543  1629  1610  1622  1607  1547  1620  1650  1593  1586  1560  1444  1402  1200  
1282  1462  1453  1510  1647  1594  1645  1620  1685  1600  1748  1637  1607  1727  1585  1633  1623  1469  1344  1275  
1243  1495  1516  1605  1616  1667  1606  1701  1738  1675  1663  1630  1650  1716  1620  1654  1623  1460  1412  1374  
1283  1373  1543  1631  1599  1635  1672  1652  1723  1712  1700  1640  1757  1708  1655  1624  1506  1552  1422  1303  
1359  1462  1628  1587  1667  1648  1728  1716  1703  1705  1780  1759  1795  1702  1635  1673  1564  1567  1476  1291  
1293  1450  1430  1515  1644  1733  1772  1714  1756  1734  1666  1785  1727  1658  1681  1620  1609  1491  1421  1320  
1322  1455  1513  1650  1667  1637  1739  1699  1671  1712  1710  1683  1734  1748  1706  1681  1569  1478  1554  1321  
1271  1481  1584  1640  1666  1692  1800  1706  1801  1711  1749  1791  1706  1750  1669  1620  1541  1534  1413  1315  
1273  1427  1532  1590  1644  1640  1710  1716  1688  1707  1648  1767  1709  1715  1668  1602  1562  1580  1447  1248  
1315  1478  1495  1542  1570  1668  1658  1637  1738  1750  1710  1691  1666  1691  1690  1541  1607  1557  1419  1297  
1284  1335  1450  1497  1558  1623  1665  1664  1632  1686  1716  1563  1629  1691  1570  1658  1528  1503  1430  1308  
1243  1305  1436  1535  1544  1609  1633  1653  1682  1626  1619  1738  1601  1536  1624  1543  1503  1482  1402  1248  
1192  1361  1421  1498  1491  1466  1471  1599  1570  1637  1576  1618  1690  1558  1593  1461  1457  1403  1427  1234  
1116  1367  1432  1454  1469  1476  1545  1557  1561  1563  1571  1444  1464  1480  1498  1455  1462  1356  1307  1229  
1146  1241  1371  1435  1339  1357  1498  1413  1455  1488  1452  1458  1442  1406  1418  1362  1380  1314  1273  1207  
1096  1220  1248  1195  1198  1289  1344  1310  1280  1326  1270  1306  1320  1286  1289  1344  1303  1208  1164  1102  
