4553  4995  5328  5397  5458  5561  5314  5349  4985  4650  
5147  5572  5798  6032  6133  6233  5967  5906  5638  5160  
5251  6031  6184  6435  6662  6612  6424  6270  5934  5305  
5367  6102  6428  6658  6837  6645  6762  6443  6076  5361  
5321  6159  6501  6695  6721  6725  6641  6545  6210  5536  
5304  6153  6692  6687  6969  6842  6628  6485  6225  5605  
5397  6294  6523  6737  6799  6776  6701  6336  5958  5355  
5377  5905  6399  6339  6574  6492  6649  6429  5964  5282  
5055  5727  6076  6044  6044  5951  6056  5941  5711  5034  
4617  5072  5328  5462  5429  5353  5339  5378  4984  4664  
