1.2016
1240  1178  1235  1255  1252  1179  1207  1154  1194  1258  
1228  1224  1234  1236  1158  1164  1199  1167  1206  1170  
1181  1209  1270  1194  1225  1191  1159  1262  1213  1190  
1208  1268  1238  1143  1186  1153  1147  1171  1133  1218  
1172  1164  1217  1146  1142  1247  1210  1234  1214  1229  
1211  1221  1194  1219  1227  1188  1177  1182  1262  1188  
1182  1184  1250  1170  1186  1154  1191  1181  1173  1161  
1265  1273  1242  1208  1169  1202  1158  1227  1159  1201  
1273  1167  1217  1174  1257  1195  1223  1193  1176  1196  
1131  1198  1157  1173  1209  1168  1191  1172  1107  1229  
