4577  4914  5351  5288  5388  5446  5310  5346  5115  4777  
5120  5626  6065  6055  6243  6244  6169  6082  5694  5190  
5350  5733  6349  6543  6591  6495  6567  6247  6026  5233  
5260  6134  6640  6708  6756  6772  6776  6550  6201  5598  
5433  6111  6490  6621  6780  6915  6691  6576  6003  5534  
5502  6213  6572  6727  6820  6881  6773  6613  6162  5500  
5501  6153  6485  6711  6793  6753  6827  6568  6203  5401  
5339  6042  6347  6496  6597  6646  6597  6323  6029  5280  
5075  5799  5922  5982  6233  6136  6011  5988  5854  5053  
4622  4978  5208  5341  5377  5456  5449  5408  5240  4641  
