4652  5134  5351  5455  5582  5506  5452  5343  5090  4793  
5108  5705  6010  6097  6198  6225  6169  6113  5836  5177  
5453  6129  6452  6712  6671  6586  6530  6403  5955  5391  
5492  6279  6468  6667  6824  6882  6656  6481  6101  5415  
5556  6088  6655  6789  6874  6866  6858  6579  6096  5531  
5561  6192  6749  6792  6928  6742  6718  6547  6167  5502  
5333  6107  6662  6770  6898  6747  6699  6601  6058  5373  
5303  5986  6315  6401  6571  6525  6513  6367  6064  5363  
5184  5795  6015  6122  6296  6280  6399  5960  5838  5186  
4716  5165  5208  5560  5485  5612  5472  5170  5048  4709  
