1.19915
1208  1163  1202  1242  1158  1169  1202  1235  1173  1177  
1178  1247  1172  1226  1157  1229  1174  1215  1239  1261  
1181  1166  1213  1184  1179  1220  1200  1200  1206  1197  
1205  1179  1261  1178  1210  1213  1181  1249  1185  1182  
1224  1153  1218  1225  1151  1155  1208  1234  1204  1151  
1208  1218  1196  1209  1201  1237  1127  1182  1209  1206  
1240  1203  1193  1215  1255  1209  1159  1160  1169  1177  
1174  1278  1240  1179  1165  1211  1146  1180  1228  1140  
1230  1290  1209  1168  1203  1231  1144  1206  1180  1200  
1208  1199  1185  1204  1200  1201  1181  1195  1274  1222  
