1.19975
1270  1144  1214  1158  1267  1301  1222  1137  1193  1181  
1151  1176  1260  1244  1237  1278  1157  1175  1228  1164  
1175  1203  1155  1205  1186  1266  1192  1174  1210  1202  
1190  1207  1205  1184  1212  1206  1153  1195  1257  1200  
1200  1175  1238  1171  1223  1178  1212  1171  1212  1179  
1195  1185  1100  1218  1288  1149  1198  1212  1166  1205  
1206  1142  1208  1243  1142  1218  1231  1230  1161  1181  
1217  1158  1172  1211  1213  1162  1232  1221  1229  1202  
1198  1176  1252  1170  1167  1201  1140  1232  1155  1178  
1131  1207  1232  1187  1207  1209  1232  1159  1263  1276  
