4754  5094  5256  5613  5641  5457  5434  5452  5110  4565  
5051  5689  6028  6097  6334  6076  6357  5963  5683  5148  
5213  6170  6395  6550  6685  6651  6549  6484  6046  5251  
5295  6148  6398  6704  6802  6795  6752  6310  6185  5496  
5589  6393  6701  6710  6797  6965  7008  6530  6226  5543  
5460  6172  6594  6925  6897  6790  6824  6586  6278  5569  
5364  6197  6515  6721  6911  6801  6880  6423  6056  5405  
5342  6066  6568  6504  6589  6593  6639  6427  6004  5358  
5019  5693  5854  6186  6308  6112  6179  6117  5766  5244  
4650  5139  5387  5372  5481  5551  5423  5275  5106  4658  
