1.08921
942  1119  1153  1147  1182  1230  1228  1214  1190  1217  1219  1221  1270  1259  1201  1216  1239  1116  1059  1035  
1064  1269  1313  1329  1288  1267  1290  1323  1321  1318  1311  1285  1226  1340  1351  1271  1344  1365  1182  1061  
1150  1247  1311  1295  1335  1329  1413  1385  1416  1464  1405  1433  1386  1392  1431  1381  1346  1329  1241  1185  
1173  1282  1336  1400  1463  1408  1433  1394  1468  1439  1485  1474  1444  1467  1371  1373  1443  1372  1257  1199  
1185  1260  1391  1447  1387  1573  1490  1451  1484  1521  1483  1496  1534  1480  1445  1399  1423  1373  1300  1140  
1211  1307  1394  1438  1517  1483  1562  1458  1588  1541  1498  1500  1547  1487  1515  1442  1468  1355  1320  1193  
1151  1356  1392  1447  1462  1508  1550  1457  1564  1494  1597  1490  1612  1516  1421  1501  1466  1381  1368  1173  
1181  1405  1395  1391  1456  1397  1562  1483  1543  1599  1573  1532  1532  1486  1490  1465  1454  1473  1320  1242  
1237  1300  1445  1418  1503  1473  1484  1514  1598  1548  1547  1548  1554  1458  1592  1461  1485  1362  1351  1211  
1200  1329  1368  1438  1452  1597  1595  1581  1634  1539  1596  1525  1496  1532  1521  1541  1482  1317  1355  1230  
1235  1340  1445  1484  1497  1543  1502  1511  1514  1516  1512  1585  1549  1462  1566  1441  1526  1404  1360  1231  
1290  1414  1475  1484  1529  1451  1587  1553  1522  1557  1553  1538  1541  1508  1543  1525  1512  1400  1307  1175  
1178  1305  1402  1463  1493  1589  1569  1550  1613  1560  1541  1498  1494  1522  1576  1517  1462  1482  1352  1264  
1129  1358  1313  1511  1505  1456  1545  1631  1529  1578  1636  1587  1549  1521  1510  1535  1435  1378  1315  1263  
1190  1308  1374  1406  1473  1480  1553  1452  1568  1549  1567  1478  1465  1479  1546  1445  1354  1345  1268  1226  
1200  1284  1351  1372  1464  1444  1532  1479  1436  1554  1456  1537  1480  1487  1492  1433  1464  1337  1314  1216  
1113  1290  1389  1375  1470  1424  1422  1428  1465  1545  1458  1470  1473  1415  1506  1439  1436  1310  1262  1203  
1110  1217  1233  1389  1316  1358  1393  1421  1454  1365  1445  1462  1375  1357  1316  1411  1335  1268  1231  1202  
1118  1299  1292  1309  1272  1337  1270  1283  1304  1400  1314  1304  1334  1278  1317  1309  1259  1275  1227  1102  
1038  1114  1151  1145  1189  1168  1199  1151  1194  1241  1162  1269  1198  1186  1181  1195  1221  1175  1110  1089  
