1.19965
1245  1177  1173  1240  1213  1201  1231  1198  1176  1195  
1172  1136  1203  1170  1192  1254  1255  1237  1175  1314  
1113  1207  1171  1234  1149  1175  1252  1223  1228  1235  
1169  1203  1252  1252  1285  1151  1185  1151  1187  1183  
1188  1214  1151  1173  1189  1130  1208  1160  1151  1205  
1186  1186  1169  1262  1191  1159  1161  1220  1145  1180  
1203  1220  1215  1192  1285  1278  1204  1193  1159  1229  
1256  1145  1232  1205  1168  1144  1149  1212  1230  1191  
1228  1249  1176  1200  1192  1188  1187  1235  1268  1207  
1112  1242  1184  1178  1173  1209  1179  1168  1148  1182  
