1.20067
1094  1171  1214  1246  1213  1247  1313  1278  1353  1313  1348  1315  1246  1349  1297  1261  1262  1278  1136  1160  
1173  1229  1335  1396  1348  1409  1370  1452  1461  1445  1490  1418  1462  1427  1396  1368  1361  1349  1225  1118  
1203  1269  1387  1415  1561  1433  1505  1535  1512  1518  1567  1588  1587  1506  1460  1493  1471  1411  1352  1237  
1273  1361  1364  1501  1567  1597  1605  1521  1662  1512  1606  1567  1516  1570  1578  1477  1491  1494  1355  1176  
1315  1377  1521  1522  1487  1624  1659  1705  1646  1614  1593  1602  1524  1635  1574  1569  1450  1453  1420  1299  
1319  1355  1541  1518  1564  1586  1592  1533  1617  1674  1721  1703  1723  1686  1602  1597  1543  1511  1500  1199  
1338  1452  1496  1621  1623  1711  1651  1665  1680  1701  1712  1734  1649  1698  1585  1558  1602  1588  1481  1326  
1233  1386  1518  1633  1675  1600  1711  1684  1716  1693  1745  1653  1659  1600  1581  1587  1550  1535  1419  1344  
1341  1429  1499  1671  1621  1723  1695  1687  1686  1773  1678  1697  1605  1690  1712  1649  1482  1497  1393  1300  
1268  1392  1551  1568  1667  1673  1671  1682  1750  1709  1659  1746  1691  1694  1674  1662  1645  1492  1536  1291  
1266  1503  1573  1628  1566  1713  1796  1762  1817  1761  1721  1794  1646  1565  1640  1708  1557  1486  1426  1277  
1303  1405  1557  1603  1728  1638  1695  1676  1670  1714  1718  1729  1686  1725  1698  1577  1640  1592  1477  1322  
1254  1441  1480  1610  1651  1714  1720  1556  1622  1755  1708  1714  1622  1762  1664  1641  1566  1500  1404  1285  
1291  1403  1539  1582  1554  1662  1688  1633  1738  1687  1705  1619  1690  1682  1595  1621  1573  1482  1389  1219  
1256  1399  1522  1522  1643  1712  1637  1625  1650  1687  1657  1619  1695  1612  1606  1678  1538  1488  1415  1233  
1226  1381  1489  1499  1553  1601  1648  1628  1741  1632  1679  1604  1635  1607  1637  1509  1548  1478  1484  1260  
1227  1395  1483  1469  1521  1626  1692  1627  1690  1539  1601  1636  1592  1625  1621  1514  1512  1457  1369  1278  
1207  1294  1405  1348  1413  1517  1488  1560  1513  1512  1548  1495  1511  1509  1416  1392  1395  1397  1351  1215  
1192  1192  1388  1407  1383  1356  1401  1444  1505  1432  1427  1465  1317  1399  1378  1314  1367  1306  1220  1124  
1134  1205  1197  1221  1280  1282  1306  1275  1267  1302  1292  1355  1306  1311  1247  1258  1199  1229  1200  1054  
