1.19281
1184  1258  1131  1147  1166  1185  1278  1195  1206  1225  
1168  1231  1198  1245  1176  1242  1235  1235  1140  1178  
1112  1243  1182  1213  1153  1244  1171  1227  1138  1184  
1148  1194  1213  1183  1184  1207  1143  1204  1167  1210  
1175  1238  1253  1209  1179  1261  1145  1253  1147  1216  
1250  1198  1231  1188  1193  1234  1131  1167  1237  1173  
1194  1189  1151  1164  1210  1164  1285  1189  1187  1214  
1201  1193  1284  1223  1206  1199  1219  1137  1188  1231  
1232  1120  1203  1187  1179  1188  1186  1122  1149  1106  
1233  1272  1169  1167  1201  1250  1138  1200  1213  1196  
