4692  5182  5357  5407  5389  5518  5378  5316  5075  4643  
5071  5709  5940  6042  6279  6256  6186  6054  5715  5245  
5390  5952  6570  6462  6717  6651  6588  6452  5942  5312  
5389  6202  6694  6761  6865  6770  6725  6505  6215  5546  
5433  6278  6716  6775  6811  6842  6908  6591  6370  5516  
5434  6316  6583  6820  7089  6852  6734  6663  6291  5490  
5423  6175  6562  6734  6767  6833  6636  6536  6100  5380  
5376  5965  6176  6561  6641  6624  6512  6417  5968  5312  
5166  5638  6068  6273  6266  6285  6197  5902  5723  5074  
4652  4994  5371  5328  5414  5552  5474  5417  4998  4738  
