4774  5024  5380  5441  5489  5517  5431  5333  5062  4687  
5110  5659  5886  6097  6317  6277  6054  5921  5820  5122  
5349  6004  6379  6454  6652  6567  6532  6437  5951  5304  
5495  6211  6678  6735  6665  6893  6926  6586  6279  5376  
5586  6216  6650  6820  6825  6917  6841  6527  6233  5546  
5436  6176  6639  6865  7022  6920  6736  6479  6133  5513  
5367  6098  6481  6736  6764  6885  6694  6658  6178  5393  
5316  6029  6380  6408  6701  6695  6465  6369  6038  5289  
5138  5856  6037  6324  6184  6274  6223  5928  5705  5114  
4761  5050  5393  5594  5437  5590  5340  5269  5160  4755  
