4733  5110  5384  5467  5532  5370  5483  5354  5087  4641  
5031  5713  5960  6089  6407  6242  6040  6121  5887  5085  
5239  6121  6378  6678  6623  6653  6616  6255  6140  5299  
5428  6285  6371  6636  6763  6721  6740  6581  6156  5509  
5444  6234  6607  6860  6844  6899  6829  6536  6192  5460  
5474  6047  6689  6708  6957  6755  6749  6651  6143  5626  
5568  6178  6484  6797  6725  6682  6719  6580  6271  5396  
5277  6197  6361  6572  6708  6644  6357  6298  6024  5380  
5279  5637  6046  6229  6245  6328  6121  6045  5632  5181  
4747  5136  5219  5322  5557  5484  5396  5248  5083  4623  
