1.19702
1244  1156  1181  1210  1208  1235  1191  1269  1136  1202  
1144  1204  1207  1205  1225  1195  1244  1221  1197  1259  
1145  1203  1160  1184  1117  1237  1176  1155  1184  1236  
1171  1144  1205  1221  1158  1202  1160  1251  1245  1203  
1237  1171  1220  1201  1258  1175  1183  1234  1225  1199  
1229  1215  1141  1165  1241  1179  1246  1210  1212  1161  
1166  1170  1244  1231  1143  1161  1219  1232  1209  1197  
1145  1226  1223  1220  1170  1152  1157  1171  1162  1244  
1142  1123  1210  1208  1186  1197  1234  1279  1231  1197  
1181  1187  1239  1182  1237  1182  1183  1139  1219  1181  
