1.19883
1296  1235  1168  1210  1265  1224  1212  1212  1166  1182  
1192  1279  1190  1152  1206  1205  1226  1154  1171  1244  
1265  1184  1205  1213  1158  1180  1162  1171  1180  1175  
1246  1236  1269  1141  1226  1106  1261  1230  1180  1227  
1155  1211  1246  1174  1191  1205  1180  1207  1132  1152  
1250  1216  1255  1219  1171  1180  1163  1201  1187  1200  
1227  1249  1152  1175  1217  1256  1160  1310  1186  1189  
1266  1264  1185  1225  1134  1231  1175  1203  1154  1184  
1206  1137  1220  1241  1249  1252  1231  1169  1146  1202  
1154  1195  1167  1209  1159  1139  1178  1241  1176  1246  
