4642  5052  5337  5414  5570  5538  5329  5360  5152  4773  
5052  5840  6040  6229  6106  6356  6275  6107  5658  5189  
5117  5969  6320  6603  6544  6547  6409  6397  6125  5377  
5403  6278  6628  6794  6821  6877  6819  6478  6182  5586  
5551  6306  6590  6655  6931  6826  6597  6543  6178  5568  
5476  6293  6493  6726  6824  6847  6652  6629  6303  5471  
5398  6212  6545  6651  6849  6897  6794  6528  6260  5483  
5279  6085  6486  6389  6588  6654  6749  6374  6130  5328  
5141  5796  6162  6139  6132  6165  6306  5884  5703  5004  
4734  5111  5316  5301  5400  5513  5586  5316  5159  4714  
