1.19839
1070  1100  1267  1249  1315  1218  1269  1351  1324  1358  1328  1320  1362  1306  1244  1245  1269  1235  1180  1047  
1199  1229  1205  1324  1362  1380  1441  1458  1425  1439  1485  1495  1379  1359  1329  1449  1419  1295  1257  1148  
1131  1302  1386  1358  1473  1494  1510  1570  1529  1553  1513  1517  1515  1459  1573  1450  1397  1317  1288  1223  
1273  1320  1403  1539  1530  1563  1565  1550  1560  1600  1555  1610  1506  1483  1523  1446  1438  1494  1317  1188  
1337  1360  1494  1515  1484  1599  1619  1602  1572  1653  1633  1587  1642  1637  1626  1600  1486  1447  1392  1216  
1286  1416  1503  1493  1547  1585  1704  1749  1720  1666  1596  1670  1619  1623  1683  1575  1576  1478  1409  1266  
1291  1348  1537  1571  1580  1616  1629  1623  1748  1680  1727  1719  1680  1668  1614  1616  1573  1516  1494  1247  
1340  1409  1484  1612  1557  1654  1685  1721  1719  1773  1728  1635  1681  1721  1675  1545  1554  1483  1492  1343  
1385  1496  1489  1656  1695  1639  1651  1757  1758  1755  1713  1823  1717  1718  1625  1688  1562  1480  1492  1317  
1374  1480  1526  1609  1644  1680  1713  1727  1745  1722  1838  1741  1725  1682  1674  1640  1552  1528  1406  1246  
1348  1426  1567  1567  1537  1661  1822  1699  1764  1651  1607  1844  1752  1684  1635  1636  1652  1529  1448  1269  
1318  1508  1484  1592  1593  1715  1728  1702  1620  1616  1723  1603  1680  1684  1638  1653  1595  1537  1533  1354  
1332  1458  1588  1525  1587  1587  1641  1683  1676  1719  1716  1698  1744  1623  1653  1621  1595  1481  1407  1256  
1301  1488  1556  1565  1646  1675  1647  1619  1714  1679  1674  1676  1762  1653  1621  1601  1609  1434  1447  1341  
1295  1414  1524  1644  1579  1571  1602  1724  1680  1690  1778  1661  1666  1620  1597  1638  1503  1477  1406  1318  
1321  1335  1429  1439  1545  1568  1609  1623  1696  1559  1658  1585  1635  1587  1673  1544  1478  1508  1435  1241  
1207  1366  1388  1533  1506  1506  1575  1570  1618  1563  1595  1587  1567  1603  1503  1518  1503  1432  1357  1236  
1202  1311  1361  1437  1406  1358  1443  1525  1498  1501  1596  1525  1544  1481  1507  1494  1446  1519  1288  1198  
1174  1264  1312  1360  1336  1402  1436  1450  1446  1474  1481  1397  1477  1397  1410  1387  1321  1258  1227  1223  
1137  1190  1226  1213  1256  1331  1224  1243  1316  1338  1305  1260  1303  1253  1224  1300  1259  1208  1142  1154  
