1.20022
1062  1174  1245  1199  1147  1267  1300  1238  1335  1321  1253  1279  1279  1258  1260  1237  1164  1206  1177  1131  
1147  1244  1383  1364  1351  1547  1413  1461  1400  1434  1479  1425  1484  1361  1468  1407  1386  1302  1215  1246  
1177  1303  1372  1504  1509  1397  1526  1534  1495  1539  1563  1507  1488  1502  1478  1444  1449  1401  1321  1159  
1237  1368  1391  1496  1552  1641  1584  1641  1676  1650  1482  1669  1561  1568  1471  1433  1453  1511  1353  1245  
1303  1349  1478  1482  1491  1635  1630  1619  1616  1656  1600  1631  1577  1619  1677  1607  1479  1471  1300  1244  
1265  1353  1502  1599  1631  1552  1611  1653  1657  1636  1652  1806  1620  1727  1614  1588  1551  1580  1387  1237  
1319  1475  1542  1617  1644  1705  1632  1624  1643  1650  1773  1723  1717  1605  1574  1591  1527  1561  1446  1335  
1276  1393  1542  1637  1694  1675  1721  1749  1678  1630  1650  1724  1722  1710  1632  1645  1529  1504  1385  1286  
1293  1450  1471  1570  1662  1722  1688  1675  1709  1617  1672  1724  1674  1635  1676  1596  1562  1517  1488  1304  
1268  1412  1560  1600  1638  1663  1692  1651  1683  1741  1707  1705  1702  1671  1692  1572  1545  1572  1491  1267  
1318  1503  1563  1581  1610  1629  1686  1783  1735  1665  1771  1696  1685  1668  1727  1653  1508  1528  1471  1368  
1330  1427  1643  1648  1641  1761  1640  1662  1738  1702  1788  1696  1731  1693  1671  1583  1623  1494  1428  1305  
1287  1438  1535  1592  1566  1650  1717  1736  1788  1702  1723  1736  1703  1702  1757  1686  1617  1507  1449  1316  
1263  1436  1556  1559  1611  1718  1658  1636  1638  1767  1738  1646  1637  1586  1684  1607  1583  1558  1379  1271  
1315  1383  1508  1606  1533  1715  1600  1602  1604  1627  1777  1662  1674  1660  1608  1599  1618  1442  1464  1177  
1286  1394  1460  1476  1585  1608  1696  1564  1661  1619  1625  1648  1577  1606  1575  1570  1531  1424  1374  1340  
1290  1337  1449  1488  1524  1558  1567  1674  1553  1585  1624  1528  1664  1516  1597  1493  1451  1437  1401  1222  
1276  1338  1437  1419  1443  1584  1508  1512  1562  1579  1565  1457  1515  1450  1509  1534  1392  1433  1289  1241  
1212  1229  1311  1333  1393  1343  1479  1344  1530  1484  1490  1446  1376  1395  1368  1342  1400  1361  1332  1096  
1151  1110  1171  1209  1234  1314  1254  1297  1277  1252  1265  1319  1336  1298  1208  1281  1296  1215  1181  1078  
