1.20077
1058  1135  1234  1223  1194  1326  1266  1283  1377  1316  1296  1232  1335  1310  1290  1285  1207  1232  1140  1182  
1104  1307  1345  1327  1401  1408  1488  1429  1469  1468  1429  1436  1441  1416  1429  1409  1335  1263  1207  1159  
1224  1301  1339  1443  1410  1488  1471  1513  1533  1592  1538  1520  1533  1592  1498  1453  1408  1423  1348  1206  
1247  1370  1390  1476  1557  1550  1555  1497  1648  1542  1571  1553  1585  1595  1619  1578  1490  1429  1258  1223  
1264  1353  1458  1558  1584  1646  1638  1623  1652  1661  1637  1635  1650  1654  1595  1580  1438  1498  1331  1214  
1278  1369  1499  1541  1594  1605  1677  1640  1639  1707  1739  1633  1682  1608  1608  1543  1564  1533  1405  1270  
1278  1407  1465  1549  1564  1562  1569  1627  1710  1677  1637  1707  1668  1694  1591  1648  1581  1495  1437  1276  
1363  1424  1547  1582  1652  1631  1697  1685  1757  1700  1655  1764  1725  1626  1678  1651  1579  1545  1464  1283  
1363  1383  1534  1525  1703  1702  1664  1745  1716  1739  1736  1695  1678  1701  1663  1667  1566  1523  1433  1285  
1291  1441  1539  1573  1637  1739  1711  1731  1721  1783  1659  1677  1690  1622  1770  1645  1634  1511  1482  1384  
1266  1488  1508  1632  1647  1674  1799  1730  1687  1776  1696  1724  1664  1706  1627  1614  1582  1550  1455  1266  
1347  1465  1583  1559  1701  1607  1606  1717  1695  1755  1759  1684  1765  1729  1717  1616  1594  1527  1399  1311  
1309  1387  1504  1642  1610  1658  1722  1636  1771  1752  1668  1650  1715  1657  1662  1594  1519  1521  1398  1240  
1323  1468  1535  1534  1649  1667  1721  1628  1672  1749  1698  1617  1695  1636  1635  1690  1545  1519  1418  1330  
1302  1438  1568  1565  1580  1549  1657  1608  1636  1630  1690  1566  1725  1616  1608  1621  1590  1592  1369  1285  
1230  1377  1478  1534  1576  1544  1666  1619  1633  1576  1643  1666  1642  1618  1523  1575  1551  1525  1315  1254  
1248  1376  1446  1410  1578  1607  1574  1539  1572  1661  1567  1611  1584  1642  1550  1507  1497  1450  1390  1230  
1173  1376  1367  1413  1428  1489  1607  1546  1523  1476  1530  1592  1549  1506  1526  1503  1446  1345  1340  1140  
1107  1242  1340  1376  1345  1502  1394  1458  1475  1432  1457  1372  1431  1444  1358  1325  1375  1278  1242  1113  
1115  1147  1266  1216  1189  1280  1330  1281  1337  1331  1357  1266  1262  1358  1253  1278  1251  1246  1115  1076  
