1.19953
1108  1143  1180  1219  1316  1258  1344  1318  1333  1268  1328  1320  1349  1295  1258  1276  1205  1180  1197  1105  
1228  1275  1322  1399  1361  1481  1434  1389  1429  1504  1478  1457  1372  1353  1401  1393  1318  1262  1222  1204  
1240  1319  1423  1475  1449  1419  1548  1547  1546  1564  1544  1535  1475  1554  1454  1427  1472  1389  1338  1228  
1211  1272  1417  1444  1533  1472  1585  1563  1540  1615  1546  1601  1552  1524  1528  1544  1446  1422  1355  1227  
1303  1355  1480  1516  1542  1608  1612  1614  1569  1619  1588  1622  1527  1552  1637  1542  1524  1435  1333  1232  
1321  1365  1477  1564  1556  1573  1613  1662  1727  1679  1628  1615  1630  1698  1630  1562  1567  1480  1383  1283  
1259  1397  1493  1590  1583  1584  1623  1643  1713  1653  1657  1686  1763  1609  1717  1585  1525  1545  1460  1340  
1304  1447  1526  1506  1577  1686  1653  1684  1705  1723  1692  1664  1715  1709  1638  1589  1619  1526  1405  1253  
1339  1449  1546  1613  1607  1770  1709  1727  1722  1717  1698  1596  1632  1656  1685  1605  1634  1613  1447  1267  
1314  1517  1554  1533  1578  1716  1676  1638  1742  1755  1708  1655  1677  1734  1684  1620  1570  1588  1391  1337  
1343  1450  1475  1594  1675  1736  1646  1698  1731  1618  1719  1714  1673  1759  1706  1671  1597  1532  1408  1274  
1278  1455  1524  1635  1742  1651  1733  1636  1797  1610  1736  1810  1765  1676  1609  1721  1599  1522  1487  1319  
1325  1391  1481  1603  1504  1636  1659  1713  1633  1770  1794  1632  1778  1754  1653  1602  1631  1474  1422  1306  
1270  1486  1479  1539  1585  1701  1803  1752  1688  1681  1730  1640  1673  1651  1604  1590  1592  1507  1439  1305  
1296  1426  1569  1537  1542  1605  1623  1650  1642  1660  1703  1728  1631  1616  1696  1561  1511  1533  1366  1360  
1217  1392  1435  1499  1557  1589  1647  1645  1705  1661  1659  1683  1723  1683  1599  1557  1484  1412  1409  1305  
1314  1387  1492  1519  1465  1652  1531  1553  1598  1605  1526  1611  1630  1650  1584  1484  1490  1362  1363  1168  
1168  1280  1386  1421  1472  1534  1546  1557  1559  1556  1526  1531  1558  1402  1509  1466  1424  1408  1338  1192  
1198  1243  1315  1323  1369  1376  1448  1436  1425  1511  1417  1388  1477  1366  1425  1355  1368  1335  1266  1226  
1174  1201  1133  1213  1237  1261  1249  1396  1368  1343  1341  1277  1299  1233  1253  1230  1201  1142  1150  1097  
