1.1986
1201  1215  1265  1159  1217  1183  1229  1226  1202  1208  
1236  1161  1175  1230  1218  1167  1227  1136  1153  1177  
1282  1184  1214  1196  1259  1209  1192  1181  1204  1199  
1190  1145  1209  1225  1298  1135  1247  1174  1162  1093  
1195  1203  1198  1181  1233  1180  1207  1170  1217  1237  
1180  1191  1153  1222  1188  1188  1169  1219  1203  1211  
1205  1209  1158  1177  1227  1231  1165  1259  1221  1194  
1237  1216  1237  1169  1217  1225  1183  1214  1191  1237  
1203  1213  1248  1202  1198  1176  1174  1174  1236  1150  
1181  1109  1166  1150  1183  1188  1188  1189  1225  1251  
