4644  5011  5230  5557  5463  5495  5523  5274  5089  4659  
5018  5746  5921  6208  6141  6248  6287  5870  5625  5106  
5369  6059  6216  6437  6546  6473  6599  6282  6059  5253  
5474  6167  6546  6706  6734  6923  6687  6677  6084  5487  
5286  6323  6684  6775  6921  6818  6886  6441  6166  5422  
5538  6137  6664  6913  7027  6869  6718  6479  6173  5568  
5391  6065  6561  6626  6752  6714  6633  6486  6201  5484  
5348  5976  6358  6398  6607  6537  6593  6310  6082  5305  
5197  5606  5924  6040  6244  6221  5943  6099  5643  5109  
4650  5046  5378  5422  5508  5409  5355  5245  5191  4818  
