1.19915
1072  1174  1196  1240  1288  1289  1284  1286  1321  1278  1340  1297  1245  1299  1283  1345  1229  1210  1126  1109  
1141  1213  1347  1335  1411  1398  1403  1405  1465  1487  1489  1507  1416  1412  1390  1403  1294  1294  1282  1194  
1199  1208  1433  1448  1479  1565  1559  1461  1462  1510  1568  1567  1510  1573  1574  1537  1427  1338  1383  1219  
1278  1361  1452  1523  1522  1546  1501  1652  1578  1668  1649  1636  1536  1537  1511  1536  1476  1390  1346  1349  
1256  1410  1495  1459  1529  1589  1690  1672  1615  1665  1732  1613  1629  1531  1533  1614  1586  1446  1305  1278  
1266  1385  1503  1542  1577  1507  1580  1700  1711  1750  1674  1633  1636  1603  1605  1583  1529  1471  1401  1315  
1219  1433  1518  1547  1593  1640  1614  1666  1702  1692  1695  1667  1705  1623  1591  1590  1508  1551  1483  1335  
1331  1423  1518  1587  1652  1548  1720  1662  1742  1700  1712  1712  1726  1677  1633  1601  1514  1465  1388  1253  
1303  1443  1571  1648  1687  1687  1694  1736  1756  1779  1728  1732  1687  1737  1650  1595  1578  1570  1349  1331  
1384  1456  1493  1585  1622  1715  1616  1630  1710  1772  1642  1792  1699  1758  1600  1682  1596  1520  1414  1419  
1290  1374  1569  1639  1572  1765  1632  1768  1755  1717  1720  1779  1692  1643  1677  1610  1633  1552  1457  1356  
1286  1494  1549  1588  1614  1678  1719  1769  1728  1686  1702  1681  1684  1633  1607  1657  1587  1544  1415  1259  
1296  1466  1481  1610  1642  1697  1669  1683  1726  1675  1799  1729  1719  1626  1689  1608  1600  1497  1382  1328  
1216  1412  1442  1519  1521  1619  1682  1672  1669  1681  1679  1625  1654  1637  1674  1639  1591  1516  1432  1285  
1247  1422  1505  1486  1555  1595  1672  1603  1723  1711  1704  1638  1754  1685  1590  1588  1527  1512  1423  1226  
1265  1426  1439  1535  1557  1618  1593  1625  1606  1647  1643  1569  1623  1573  1560  1576  1467  1504  1452  1273  
1263  1331  1383  1452  1477  1546  1546  1570  1651  1544  1637  1622  1515  1641  1561  1493  1438  1485  1390  1224  
1210  1281  1285  1399  1469  1507  1434  1480  1493  1549  1492  1489  1541  1562  1489  1429  1371  1418  1358  1219  
1198  1200  1303  1400  1380  1418  1444  1383  1428  1440  1366  1380  1422  1359  1400  1393  1325  1296  1211  1166  
1126  1215  1210  1249  1320  1272  1305  1310  1261  1293  1305  1298  1299  1319  1296  1223  1234  1183  1183  1129  
