1.1889
1204  1140  1174  1187  1163  1172  1211  1200  1279  1187  
1147  1149  1090  1129  1232  1248  1162  1177  1270  1214  
1234  1140  1176  1202  1174  1204  1232  1154  1206  1128  
1226  1249  1145  1218  1205  1217  1155  1184  1145  1233  
1179  1304  1226  1208  1208  1220  1184  1172  1177  1149  
1154  1196  1224  1160  1218  1217  1227  1250  1168  1212  
1226  1213  1183  1134  1190  1205  1145  1176  1222  1158  
1178  1158  1251  1175  1196  1217  1153  1289  1156  1182  
1199  1244  1203  1217  1157  1189  1234  1190  1157  1178  
1221  1132  1199  1161  1148  1195  1208  1183  1245  1174  
