1.19899
1047  1212  1170  1221  1272  1277  1221  1299  1298  1344  1323  1335  1288  1286  1306  1228  1224  1222  1148  1097  
1150  1261  1273  1394  1370  1385  1413  1467  1517  1477  1445  1472  1444  1460  1359  1414  1376  1289  1229  1147  
1117  1319  1358  1445  1436  1435  1485  1551  1537  1506  1520  1562  1516  1536  1535  1463  1462  1378  1248  1242  
1243  1342  1443  1447  1462  1578  1617  1625  1543  1581  1600  1611  1527  1556  1532  1541  1475  1404  1344  1249  
1309  1398  1426  1464  1550  1535  1604  1603  1633  1639  1635  1579  1657  1562  1528  1568  1503  1505  1422  1242  
1186  1371  1469  1614  1584  1685  1691  1635  1775  1676  1650  1738  1675  1663  1647  1553  1477  1543  1392  1292  
1319  1416  1513  1626  1619  1670  1708  1699  1752  1622  1730  1668  1664  1701  1615  1589  1553  1454  1442  1272  
1316  1423  1590  1552  1619  1675  1626  1752  1676  1673  1718  1734  1749  1665  1737  1579  1552  1519  1462  1292  
1299  1424  1497  1653  1647  1699  1668  1745  1723  1676  1762  1662  1725  1713  1710  1611  1568  1537  1435  1325  
1288  1469  1559  1540  1656  1691  1647  1708  1666  1741  1765  1765  1663  1701  1674  1629  1617  1545  1438  1284  
1307  1429  1520  1550  1588  1656  1604  1659  1715  1776  1637  1646  1691  1650  1681  1727  1592  1609  1439  1313  
1304  1458  1485  1617  1570  1724  1624  1697  1732  1714  1737  1702  1718  1659  1614  1667  1549  1590  1482  1249  
1374  1377  1446  1563  1702  1738  1676  1705  1700  1734  1649  1733  1676  1708  1709  1655  1610  1550  1452  1286  
1232  1432  1557  1563  1553  1636  1628  1753  1670  1674  1661  1700  1626  1625  1652  1639  1570  1461  1360  1257  
1267  1417  1501  1538  1649  1560  1632  1662  1722  1712  1738  1696  1706  1616  1689  1577  1541  1505  1389  1331  
1189  1366  1501  1572  1529  1628  1604  1671  1584  1644  1668  1515  1646  1544  1539  1608  1478  1470  1359  1263  
1322  1366  1393  1480  1492  1593  1517  1608  1611  1644  1623  1573  1681  1601  1564  1657  1438  1454  1285  1281  
1222  1318  1425  1416  1485  1511  1452  1432  1530  1589  1467  1572  1432  1534  1471  1463  1390  1446  1320  1175  
1160  1294  1319  1424  1367  1382  1412  1436  1482  1379  1465  1462  1389  1354  1402  1400  1421  1274  1274  1185  
1072  1175  1240  1228  1225  1237  1320  1347  1278  1215  1395  1318  1333  1296  1249  1232  1172  1231  1127  1062  
