1.1994
1131  1132  1262  1283  1257  1282  1293  1223  1275  1370  1294  1325  1328  1231  1266  1286  1215  1175  1163  1186  
1180  1271  1339  1350  1382  1464  1354  1493  1445  1444  1360  1366  1409  1513  1440  1369  1324  1352  1188  1167  
1174  1326  1350  1433  1497  1553  1485  1445  1626  1545  1532  1513  1521  1443  1514  1444  1368  1358  1327  1174  
1184  1395  1473  1470  1473  1581  1561  1625  1619  1526  1552  1534  1664  1555  1545  1580  1500  1424  1387  1271  
1283  1376  1479  1514  1583  1538  1597  1651  1663  1649  1620  1649  1695  1615  1652  1482  1570  1557  1312  1263  
1275  1386  1588  1598  1594  1542  1679  1651  1675  1683  1621  1700  1677  1549  1668  1580  1531  1539  1417  1229  
1268  1363  1501  1559  1549  1694  1653  1682  1673  1618  1734  1730  1658  1620  1678  1630  1557  1495  1420  1271  
1339  1529  1493  1578  1651  1638  1728  1641  1693  1777  1740  1767  1712  1637  1683  1660  1627  1535  1381  1355  
1300  1485  1512  1681  1589  1719  1671  1737  1698  1724  1709  1742  1678  1781  1705  1667  1607  1538  1392  1361  
1297  1517  1569  1553  1608  1719  1638  1795  1651  1726  1762  1662  1695  1673  1616  1594  1632  1530  1436  1278  
1266  1425  1515  1631  1607  1653  1750  1702  1664  1792  1677  1761  1750  1628  1634  1617  1544  1512  1483  1350  
1374  1409  1504  1536  1567  1629  1656  1687  1704  1612  1762  1598  1714  1702  1662  1607  1592  1490  1419  1313  
1353  1409  1471  1531  1642  1634  1695  1677  1688  1765  1708  1650  1696  1781  1663  1609  1590  1555  1438  1230  
1350  1403  1593  1555  1592  1645  1666  1697  1615  1666  1705  1778  1634  1718  1659  1580  1551  1532  1448  1281  
1230  1440  1537  1477  1688  1654  1639  1590  1767  1622  1620  1634  1655  1666  1638  1652  1600  1474  1381  1229  
1257  1420  1450  1513  1509  1588  1580  1579  1604  1691  1657  1655  1545  1532  1533  1638  1567  1424  1464  1254  
1292  1346  1505  1502  1570  1593  1524  1604  1537  1647  1593  1553  1531  1514  1504  1562  1448  1485  1316  1214  
1232  1345  1372  1466  1448  1516  1551  1614  1496  1531  1511  1486  1554  1493  1477  1499  1500  1372  1292  1127  
1184  1315  1302  1319  1380  1377  1397  1418  1445  1481  1401  1423  1365  1458  1341  1337  1357  1297  1305  1118  
1054  1167  1172  1238  1343  1220  1347  1310  1299  1281  1325  1277  1311  1316  1309  1238  1270  1174  1168  1162  
