4722  5019  5384  5507  5386  5494  5388  5158  4961  4685  
4925  5717  5952  6055  6163  6082  6222  5952  5631  5107  
5305  6096  6270  6527  6606  6551  6657  6378  6122  5207  
5431  6199  6529  6602  6676  6669  6803  6543  6121  5382  
5351  6169  6632  6908  6870  6920  6667  6571  6267  5416  
5489  6244  6494  6845  6788  6852  6785  6634  6284  5591  
5451  6014  6564  6557  6909  6667  6654  6471  6177  5434  
5331  6001  6376  6494  6700  6503  6648  6336  6030  5299  
5044  5732  6031  6076  6203  6142  6143  6137  5662  5008  
4674  5041  5142  5377  5561  5527  5410  5291  5318  4606  
