1.19987
1112  1116  1226  1187  1287  1228  1290  1264  1353  1295  1345  1339  1351  1314  1293  1294  1272  1260  1176  1110  
1131  1267  1304  1313  1356  1430  1440  1428  1404  1376  1411  1391  1476  1465  1422  1426  1348  1303  1251  1137  
1226  1338  1426  1457  1438  1507  1452  1532  1505  1536  1473  1505  1442  1571  1485  1469  1499  1352  1248  1190  
1292  1361  1338  1501  1479  1513  1636  1573  1530  1576  1587  1597  1600  1548  1526  1487  1426  1449  1398  1268  
1219  1419  1481  1514  1539  1612  1701  1599  1672  1715  1683  1660  1643  1579  1644  1482  1531  1465  1374  1264  
1265  1373  1448  1589  1600  1641  1660  1719  1593  1623  1735  1647  1673  1620  1640  1651  1502  1514  1428  1260  
1262  1410  1553  1545  1657  1600  1611  1747  1725  1713  1635  1698  1656  1663  1656  1582  1556  1575  1481  1332  
1326  1357  1518  1604  1624  1635  1645  1644  1732  1681  1782  1691  1673  1723  1611  1646  1521  1432  1346  1292  
1272  1418  1570  1597  1674  1796  1710  1732  1731  1686  1703  1704  1752  1641  1681  1671  1592  1482  1418  1324  
1302  1487  1517  1607  1623  1710  1671  1729  1680  1793  1801  1748  1745  1707  1650  1728  1642  1570  1458  1319  
1306  1423  1447  1591  1642  1625  1658  1684  1745  1646  1743  1753  1777  1767  1672  1674  1552  1519  1425  1359  
1288  1409  1456  1524  1583  1682  1621  1667  1725  1793  1719  1661  1654  1704  1665  1574  1622  1456  1509  1325  
1288  1464  1496  1571  1560  1721  1571  1749  1682  1707  1686  1648  1769  1665  1710  1608  1510  1554  1387  1333  
1361  1383  1509  1619  1661  1630  1729  1742  1666  1738  1765  1653  1714  1632  1640  1701  1652  1480  1416  1273  
1235  1438  1531  1520  1698  1582  1684  1647  1710  1630  1734  1715  1655  1697  1632  1556  1553  1593  1396  1316  
1279  1391  1446  1514  1539  1639  1518  1643  1613  1579  1636  1587  1597  1732  1510  1589  1545  1419  1378  1256  
1240  1277  1363  1519  1510  1545  1609  1602  1653  1568  1591  1612  1636  1548  1608  1547  1496  1364  1330  1283  
1253  1312  1382  1405  1422  1525  1529  1471  1545  1483  1518  1527  1521  1496  1549  1454  1377  1327  1240  1244  
1129  1284  1336  1326  1349  1347  1454  1515  1417  1445  1430  1441  1419  1452  1384  1442  1294  1299  1267  1101  
1088  1226  1293  1246  1317  1273  1287  1298  1279  1312  1294  1291  1251  1268  1196  1233  1216  1195  1210  1079  
