1.05106
1073  1100  1077  1081  1132  1165  1100  1093  1126  1164  
1063  1061  1096  1054  1143  1117  1097  1102  1111  1112  
1101  1049  1102  1087  1092  1098  1048  1071  1127  1159  
1125  1070  1073  1053  1038  1070  1119  1049  1075  1065  
1034  1088  1107  1131  1108  1092  992  1092  1059  1115  
1060  1096  1092  1128  1046  1076  1014  1045  1139  1102  
1085  1128  1115  1109  1094  1087  973  1050  1094  1099  
1035  1074  1108  1038  1128  1058  1094  1097  1110  1106  
1103  1085  1167  1028  1059  1096  1022  1046  1123  1084  
1144  1099  1049  1091  1124  1064  1087  1125  1145  1086  
