1.19998
1089  1162  1251  1276  1300  1158  1307  1311  1320  1335  1329  1323  1358  1317  1343  1281  1280  1266  1206  1115  
1142  1180  1385  1460  1360  1321  1430  1507  1424  1432  1429  1506  1441  1422  1372  1433  1356  1377  1272  1164  
1168  1325  1347  1475  1429  1416  1489  1548  1495  1559  1519  1510  1537  1456  1463  1458  1422  1294  1301  1240  
1295  1389  1347  1451  1543  1507  1588  1578  1639  1619  1604  1587  1598  1586  1587  1483  1459  1375  1354  1292  
1230  1366  1450  1523  1572  1642  1585  1578  1588  1656  1653  1624  1600  1578  1572  1478  1507  1452  1337  1231  
1296  1367  1461  1553  1576  1502  1587  1683  1627  1628  1722  1668  1641  1613  1627  1610  1570  1512  1446  1212  
1329  1443  1529  1627  1620  1630  1640  1699  1704  1662  1683  1616  1678  1683  1646  1619  1572  1482  1451  1269  
1311  1419  1461  1570  1594  1719  1648  1646  1737  1683  1697  1733  1712  1671  1602  1623  1671  1496  1435  1318  
1279  1428  1537  1591  1577  1657  1761  1686  1738  1668  1688  1755  1682  1678  1733  1633  1569  1518  1385  1334  
1340  1452  1504  1601  1595  1688  1723  1715  1684  1779  1772  1762  1767  1701  1688  1665  1586  1618  1481  1278  
1367  1424  1507  1536  1696  1644  1765  1745  1724  1715  1755  1689  1788  1704  1678  1693  1599  1517  1453  1327  
1261  1443  1514  1551  1506  1790  1615  1775  1735  1709  1780  1695  1684  1654  1688  1616  1558  1535  1443  1272  
1241  1409  1561  1591  1581  1666  1606  1701  1722  1786  1764  1644  1714  1664  1601  1610  1545  1595  1399  1394  
1265  1417  1479  1558  1602  1627  1659  1641  1725  1738  1717  1723  1629  1743  1587  1540  1571  1454  1388  1263  
1320  1474  1493  1576  1618  1630  1724  1717  1800  1728  1678  1647  1641  1587  1662  1591  1504  1488  1477  1304  
1355  1419  1489  1579  1596  1654  1643  1714  1579  1657  1588  1655  1648  1579  1569  1612  1537  1477  1354  1273  
1196  1308  1329  1567  1528  1537  1566  1560  1594  1628  1594  1561  1602  1551  1522  1484  1457  1433  1311  1269  
1228  1358  1417  1374  1455  1476  1466  1505  1517  1519  1539  1560  1533  1526  1490  1446  1427  1356  1292  1225  
1158  1266  1373  1389  1410  1446  1479  1452  1376  1475  1411  1390  1399  1432  1362  1390  1323  1306  1247  1166  
1134  1138  1287  1252  1277  1249  1234  1264  1317  1294  1351  1283  1271  1302  1248  1207  1258  1213  1196  1083  
