4663  5209  5385  5409  5572  5588  5381  5319  5150  4652  
5126  5638  5960  6391  6057  6279  6139  5978  5723  5271  
5493  6096  6459  6595  6535  6407  6547  6423  6056  5433  
5511  6131  6554  6671  6877  6730  6749  6559  6157  5547  
5495  6251  6607  6654  6949  6912  6705  6563  6219  5422  
5597  6359  6413  6763  6830  6873  6758  6658  6246  5445  
5409  6178  6572  6701  6994  6730  6723  6456  6117  5443  
5250  5930  6443  6542  6634  6539  6524  6616  6021  5313  
5286  5862  5999  6170  6260  6221  6234  6083  5726  5197  
4731  5122  5367  5436  5399  5614  5398  5318  5117  4642  
