4729  5156  5265  5339  5429  5535  5556  5427  5020  4466  
5103  5653  5985  6068  6138  6288  6245  5955  5772  5168  
5231  5946  6331  6544  6645  6574  6508  6318  6063  5306  
5326  6244  6532  6749  6606  6831  6742  6553  6167  5498  
5508  6286  6681  6804  7047  6842  6663  6732  6222  5442  
5504  6296  6596  6767  6974  7008  6897  6459  6224  5523  
5242  6217  6483  6836  6844  6699  6722  6451  6250  5498  
5293  6174  6341  6621  6607  6791  6579  6141  5993  5399  
4950  5746  5973  6019  6185  6251  6261  6142  5733  5099  
4631  5210  5318  5389  5553  5376  5381  5341  5042  4714  
