4669  5024  5322  5474  5500  5394  5548  5301  5303  4631  
5205  5866  6108  6058  6150  6319  6235  6060  5692  5062  
5462  6048  6459  6604  6494  6424  6526  6333  6024  5402  
5369  6119  6531  6943  6946  6835  6677  6558  6174  5398  
5356  6367  6752  6903  6809  7019  6881  6330  6296  5588  
5443  6161  6722  6836  6860  6752  6859  6627  6402  5495  
5586  6219  6465  6811  6797  6769  6665  6582  6348  5444  
5464  5980  6346  6617  6587  6492  6485  6298  5821  5409  
5115  5741  6058  6141  6162  6225  6122  5939  5866  5173  
4709  5063  5366  5401  5536  5397  5480  5375  5067  4751  
