1.20062
1205  1165  1214  1229  1161  1110  1273  1171  1142  1266  
1170  1261  1236  1231  1242  1141  1212  1180  1232  1236  
1166  1242  1213  1250  1147  1241  1213  1220  1152  1256  
1200  1197  1216  1222  1188  1185  1213  1187  1174  1150  
1183  1205  1253  1244  1167  1223  1211  1239  1120  1198  
1234  1210  1160  1192  1207  1199  1186  1205  1248  1132  
1201  1198  1226  1198  1257  1193  1148  1127  1186  1188  
1285  1188  1205  1212  1178  1260  1231  1218  1171  1153  
1220  1277  1154  1200  1180  1192  1222  1225  1211  1203  
1160  1224  1194  1226  1178  1186  1183  1180  1201  1196  
