1.20158
1132  1275  1158  1203  1183  1149  1278  1264  1183  1183  
1213  1110  1238  1213  1273  1227  1221  1170  1172  1159  
1206  1154  1248  1218  1231  1214  1156  1183  1185  1220  
1200  1235  1189  1168  1267  1187  1201  1218  1259  1179  
1216  1241  1221  1233  1177  1254  1220  1187  1216  1176  
1198  1251  1209  1188  1249  1216  1207  1160  1203  1188  
1177  1196  1210  1218  1161  1224  1232  1181  1198  1171  
1108  1222  1243  1143  1196  1116  1232  1175  1064  1183  
1253  1254  1257  1164  1207  1198  1246  1267  1204  1185  
1175  1220  1165  1221  1226  1173  1180  1257  1203  1222  
