1.03411
5270  5191  5122  5326  5106  5083  5009  5050  5212  5403  
5160  5099  5080  5297  5268  5196  5194  5172  5266  5244  
4995  5202  5146  5211  5320  5125  5203  5133  5290  5259  
5129  5125  5156  5259  5089  5191  5303  5193  5065  5100  
5032  5118  5147  5093  5266  5264  5239  5263  5167  5122  
5219  5229  5208  5280  5131  5206  5088  5174  5140  5232  
5127  5257  5161  5051  5224  5128  5118  5126  5206  5228  
5081  5147  5091  5233  5250  5169  5188  5237  5202  5028  
5042  5191  5297  5181  5184  5141  5156  5283  5027  5192  
5285  5027  5186  5031  5036  5060  5089  5093  5293  5150  
