4623  5078  5278  5366  5481  5516  5528  5343  5216  4805  
5124  5761  5963  6211  6176  6303  6135  5985  5734  5214  
5418  6073  6278  6547  6614  6707  6469  6329  5936  5378  
5594  6245  6482  6725  6829  6727  6725  6556  5998  5510  
5521  6242  6455  6714  6906  6862  6647  6511  6286  5506  
5626  6268  6700  6695  6845  7018  6758  6814  6199  5441  
5445  6107  6567  6639  6712  6917  6651  6389  6311  5441  
5372  5994  6468  6513  6445  6660  6545  6382  6066  5337  
5182  5821  6115  6035  6188  6159  6359  6145  5686  5070  
4692  5098  5273  5489  5659  5524  5505  5376  5160  4744  
