1.20038
1118  1206  1236  1194  1266  1260  1338  1312  1319  1348  1350  1282  1341  1254  1349  1281  1251  1206  1141  1028  
1102  1209  1321  1340  1408  1372  1341  1450  1459  1487  1472  1401  1379  1446  1345  1359  1311  1364  1305  1131  
1194  1417  1343  1466  1416  1471  1579  1547  1502  1608  1515  1512  1557  1570  1540  1493  1441  1367  1304  1292  
1216  1301  1466  1419  1504  1558  1582  1682  1535  1528  1553  1646  1619  1581  1549  1553  1440  1398  1350  1306  
1246  1407  1466  1555  1552  1557  1640  1619  1634  1645  1699  1639  1549  1605  1554  1502  1552  1516  1442  1226  
1269  1392  1430  1509  1516  1575  1626  1736  1618  1645  1578  1583  1635  1598  1640  1592  1526  1476  1387  1195  
1302  1406  1558  1588  1605  1609  1607  1637  1675  1760  1749  1723  1650  1661  1667  1628  1561  1522  1410  1352  
1330  1449  1546  1643  1576  1708  1645  1645  1681  1705  1726  1676  1700  1722  1657  1588  1594  1569  1485  1344  
1276  1443  1552  1541  1672  1701  1709  1765  1694  1788  1654  1709  1699  1719  1696  1617  1624  1527  1437  1257  
1247  1498  1523  1555  1641  1607  1779  1776  1713  1753  1725  1727  1755  1610  1662  1587  1633  1508  1423  1308  
1277  1427  1457  1583  1613  1726  1735  1718  1708  1723  1677  1661  1686  1699  1723  1712  1557  1507  1480  1299  
1305  1378  1592  1618  1580  1660  1757  1695  1740  1694  1778  1729  1641  1687  1613  1630  1574  1536  1380  1244  
1254  1395  1547  1604  1599  1639  1599  1600  1741  1740  1748  1772  1701  1662  1681  1696  1576  1526  1420  1258  
1263  1427  1533  1625  1618  1675  1694  1704  1626  1680  1655  1689  1695  1694  1649  1606  1502  1583  1401  1295  
1307  1450  1477  1550  1565  1567  1717  1686  1809  1657  1678  1723  1689  1613  1684  1628  1533  1472  1436  1237  
1249  1357  1445  1524  1480  1533  1524  1650  1687  1683  1611  1662  1599  1629  1568  1634  1509  1463  1355  1244  
1243  1347  1431  1494  1563  1544  1496  1539  1607  1505  1587  1537  1521  1515  1629  1522  1548  1378  1416  1227  
1152  1293  1426  1451  1390  1518  1449  1508  1505  1533  1494  1577  1548  1468  1422  1450  1399  1377  1324  1193  
1215  1286  1343  1403  1417  1381  1445  1458  1432  1377  1437  1503  1446  1416  1390  1466  1304  1344  1363  1165  
1103  1198  1231  1255  1216  1271  1290  1361  1296  1318  1285  1290  1276  1290  1288  1304  1270  1178  1193  1109  
