1.19895
1212  1209  1196  1211  1165  1216  1246  1228  1198  1209  
1168  1172  1207  1135  1193  1230  1198  1124  1209  1229  
1156  1175  1164  1161  1175  1254  1196  1224  1241  1190  
1202  1210  1152  1171  1186  1178  1129  1243  1236  1194  
1150  1233  1215  1198  1236  1219  1220  1232  1222  1200  
1274  1140  1149  1240  1179  1260  1201  1246  1203  1180  
1191  1178  1224  1218  1194  1181  1234  1204  1128  1203  
1179  1072  1172  1120  1213  1202  1121  1244  1168  1221  
1163  1184  1167  1165  1192  1239  1209  1197  1248  1187  
1178  1226  1204  1206  1231  1170  1142  1194  1298  1246  
