4637  5036  5190  5335  5503  5596  5405  5370  4983  4724  
5104  5668  6102  6025  6219  6330  6161  5965  5697  5024  
5329  6037  6327  6631  6557  6747  6483  6297  5995  5296  
5294  6109  6554  6700  6649  6834  6858  6484  6197  5445  
5438  6279  6715  6861  6925  6989  6667  6437  6408  5436  
5421  6226  6708  6754  6902  7005  6925  6523  6023  5558  
5488  6036  6504  6742  6826  6840  6865  6401  6247  5519  
5313  5943  6325  6636  6651  6441  6547  6226  6115  5288  
5192  5686  6040  6083  6242  6209  6210  5919  5647  5218  
4707  5141  5217  5502  5585  5401  5253  5278  5108  4647  
