4690  5066  5200  5391  5539  5477  5523  5391  5062  4577  
5104  5858  5937  6046  6273  6239  6267  5908  5758  5103  
5326  6059  6315  6499  6774  6561  6589  6456  5947  5298  
5421  6264  6559  6699  6687  6707  6663  6739  6178  5432  
5502  6264  6602  6885  6973  6980  6714  6524  6279  5605  
5660  6267  6544  6781  6807  6859  6822  6703  6125  5450  
5386  6314  6494  6719  6786  6601  6839  6516  6117  5473  
5210  6160  6479  6578  6640  6584  6574  6338  6005  5331  
5088  5836  5966  6096  6284  6243  6179  6012  5741  5123  
4659  5184  5442  5252  5609  5445  5344  5286  5071  4661  
