4591  5076  5328  5466  5505  5404  5448  5343  5222  4675  
5071  5715  6013  6233  6191  6499  6330  5977  5525  5085  
5083  6054  6386  6403  6586  6705  6527  6314  6022  5332  
5562  6314  6581  6590  6827  6878  6722  6592  6095  5377  
5600  6192  6612  6821  6771  6888  6830  6611  6104  5455  
5533  6254  6626  6770  6890  6736  6823  6563  6262  5577  
5429  6307  6607  6803  6889  6825  6626  6707  6282  5503  
5368  6057  6333  6543  6462  6509  6597  6297  6216  5367  
5056  5769  6046  6294  6244  6200  6157  6161  5753  4960  
4675  5148  5287  5469  5573  5464  5289  5253  5220  4605  
