1.2005
1097  1120  1224  1181  1271  1284  1329  1336  1291  1282  1306  1267  1265  1438  1270  1257  1236  1162  1195  1109  
1104  1207  1327  1426  1346  1398  1400  1443  1390  1436  1421  1457  1435  1394  1370  1440  1382  1327  1301  1159  
1164  1358  1367  1406  1552  1488  1468  1494  1575  1532  1446  1564  1542  1420  1539  1487  1432  1333  1299  1195  
1235  1339  1429  1544  1536  1636  1537  1591  1552  1620  1557  1533  1576  1585  1562  1592  1442  1464  1389  1220  
1294  1374  1406  1516  1594  1657  1598  1685  1663  1650  1611  1661  1611  1651  1497  1594  1475  1410  1415  1214  
1234  1420  1479  1521  1565  1603  1666  1675  1697  1608  1798  1580  1707  1634  1662  1658  1534  1465  1431  1253  
1318  1454  1508  1612  1606  1620  1629  1704  1659  1698  1623  1702  1672  1621  1621  1554  1589  1490  1395  1289  
1363  1464  1556  1556  1603  1629  1668  1752  1689  1675  1719  1747  1714  1713  1707  1602  1511  1606  1402  1307  
1327  1464  1445  1629  1682  1713  1648  1635  1673  1752  1712  1733  1674  1730  1646  1635  1613  1573  1487  1296  
1200  1431  1527  1629  1644  1743  1672  1727  1814  1827  1801  1699  1777  1720  1733  1733  1604  1525  1454  1265  
1325  1474  1537  1642  1596  1621  1683  1764  1726  1743  1749  1723  1659  1779  1619  1651  1668  1517  1479  1290  
1279  1454  1581  1524  1631  1637  1663  1727  1776  1733  1746  1712  1743  1663  1702  1606  1559  1526  1485  1326  
1277  1442  1499  1577  1633  1715  1681  1681  1762  1682  1776  1734  1718  1679  1588  1512  1580  1490  1376  1255  
1303  1447  1569  1538  1576  1605  1640  1672  1648  1611  1722  1711  1689  1622  1664  1598  1606  1506  1379  1311  
1250  1406  1486  1527  1541  1639  1628  1666  1641  1753  1649  1653  1688  1657  1670  1514  1458  1523  1457  1277  
1280  1438  1517  1531  1492  1667  1606  1609  1582  1674  1660  1624  1564  1702  1626  1548  1490  1464  1419  1267  
1212  1474  1422  1499  1528  1524  1614  1635  1578  1547  1697  1587  1590  1568  1542  1521  1479  1352  1379  1198  
1204  1336  1358  1353  1429  1593  1585  1591  1510  1567  1475  1528  1563  1597  1471  1466  1497  1484  1355  1175  
1091  1295  1271  1297  1339  1331  1411  1415  1421  1440  1488  1484  1424  1465  1386  1385  1339  1297  1276  1132  
1039  1123  1181  1326  1254  1342  1321  1345  1352  1313  1292  1285  1263  1325  1286  1240  1286  1164  1177  1102  
