4742  5115  5263  5313  5594  5560  5555  5385  5097  4635  
5078  5661  5910  6027  6065  6294  6224  5996  5596  5231  
5462  6076  6417  6488  6706  6504  6422  6321  6059  5299  
5425  6359  6591  6697  6831  6736  6780  6577  6214  5385  
5474  6225  6451  6783  6886  6895  6879  6533  6355  5540  
5613  6327  6613  6902  6835  6969  6743  6606  6153  5479  
5382  6269  6659  6739  6831  6776  6818  6543  6195  5358  
5344  5963  6259  6401  6592  6584  6494  6295  6170  5219  
5065  5875  6101  6251  6124  6171  6110  6067  5662  4998  
4749  5162  5240  5332  5509  5556  5376  5385  5221  4713  
