1.17295
1085  1178  1219  1162  1252  1276  1225  1275  1323  1283  1273  1254  1237  1303  1300  1196  1326  1169  1088  1087  
1118  1211  1325  1299  1309  1413  1416  1394  1337  1376  1465  1416  1466  1361  1385  1269  1368  1262  1245  1124  
1184  1265  1362  1338  1467  1482  1463  1461  1457  1477  1426  1465  1496  1545  1514  1372  1494  1359  1273  1186  
1202  1316  1388  1374  1555  1594  1534  1516  1528  1557  1538  1557  1534  1561  1506  1556  1566  1378  1291  1177  
1282  1412  1423  1496  1488  1643  1571  1606  1561  1587  1610  1640  1589  1559  1565  1543  1489  1344  1394  1223  
1185  1377  1467  1504  1563  1573  1644  1668  1582  1596  1640  1658  1695  1580  1600  1457  1533  1416  1404  1333  
1217  1438  1505  1559  1591  1640  1649  1612  1653  1710  1624  1586  1711  1569  1613  1616  1576  1430  1368  1284  
1320  1386  1393  1505  1617  1642  1682  1660  1696  1677  1707  1639  1690  1665  1653  1622  1593  1413  1404  1268  
1221  1379  1495  1501  1640  1596  1703  1685  1766  1691  1670  1657  1636  1576  1673  1606  1621  1478  1425  1234  
1312  1387  1535  1618  1563  1595  1706  1627  1733  1746  1664  1639  1665  1701  1648  1545  1621  1567  1420  1285  
1284  1412  1506  1598  1704  1592  1682  1656  1665  1793  1716  1602  1685  1663  1650  1612  1568  1478  1383  1252  
1279  1419  1568  1562  1591  1731  1675  1584  1671  1650  1691  1704  1636  1709  1639  1661  1575  1486  1318  1270  
1294  1371  1520  1540  1604  1653  1669  1675  1725  1681  1688  1632  1625  1669  1566  1584  1530  1511  1440  1262  
1188  1418  1484  1586  1637  1614  1631  1751  1626  1614  1614  1653  1700  1538  1551  1585  1562  1488  1351  1325  
1279  1325  1470  1514  1488  1581  1634  1618  1685  1657  1704  1664  1602  1720  1600  1481  1562  1455  1377  1255  
1192  1369  1420  1552  1558  1582  1569  1608  1664  1561  1551  1639  1591  1670  1618  1503  1532  1447  1336  1200  
1182  1381  1442  1488  1462  1558  1570  1545  1578  1658  1512  1565  1518  1600  1514  1459  1511  1386  1337  1251  
1156  1349  1363  1379  1497  1428  1382  1501  1560  1572  1519  1513  1524  1415  1454  1486  1355  1373  1409  1218  
1091  1203  1320  1248  1361  1388  1375  1381  1464  1366  1391  1450  1500  1351  1385  1348  1309  1263  1290  1198  
1074  1131  1160  1179  1293  1276  1297  1209  1290  1333  1304  1357  1241  1256  1269  1193  1182  1164  1158  1039  
