1.20171
1084  1123  1238  1163  1205  1271  1272  1314  1290  1342  1333  1294  1327  1355  1279  1250  1249  1147  1164  1094  
1151  1252  1369  1318  1457  1312  1368  1449  1497  1458  1465  1493  1403  1434  1418  1382  1362  1288  1296  1256  
1197  1319  1391  1478  1475  1507  1473  1524  1531  1641  1480  1529  1544  1544  1484  1496  1424  1338  1358  1186  
1239  1337  1479  1525  1452  1617  1573  1643  1625  1642  1613  1593  1540  1579  1481  1524  1537  1368  1313  1192  
1282  1454  1437  1539  1503  1601  1571  1572  1672  1682  1658  1681  1646  1614  1588  1521  1492  1433  1339  1250  
1334  1429  1462  1535  1550  1595  1576  1677  1667  1648  1695  1680  1703  1653  1673  1590  1597  1418  1464  1291  
1275  1402  1550  1629  1661  1628  1727  1704  1740  1651  1682  1692  1646  1630  1624  1606  1622  1465  1398  1221  
1320  1404  1597  1540  1580  1661  1741  1722  1734  1778  1670  1699  1653  1659  1596  1676  1567  1521  1398  1275  
1260  1431  1551  1524  1606  1658  1737  1725  1766  1708  1729  1766  1687  1650  1694  1629  1606  1505  1454  1267  
1341  1526  1541  1542  1661  1637  1745  1784  1666  1745  1778  1749  1707  1681  1571  1726  1643  1494  1473  1286  
1299  1485  1529  1641  1706  1756  1651  1714  1680  1780  1736  1737  1752  1694  1653  1662  1645  1430  1483  1341  
1391  1524  1513  1592  1611  1661  1716  1675  1746  1656  1759  1663  1686  1697  1676  1652  1616  1493  1469  1284  
1261  1470  1513  1614  1626  1622  1679  1740  1695  1711  1716  1734  1673  1699  1650  1658  1601  1514  1389  1353  
1297  1395  1492  1627  1607  1602  1718  1738  1670  1750  1701  1736  1701  1703  1639  1585  1632  1465  1439  1241  
1317  1420  1489  1538  1615  1613  1645  1642  1614  1644  1749  1625  1641  1584  1603  1584  1505  1497  1430  1240  
1251  1348  1460  1506  1472  1583  1637  1669  1691  1643  1633  1691  1629  1628  1484  1648  1601  1485  1380  1234  
1251  1372  1483  1452  1492  1558  1545  1616  1605  1603  1715  1558  1716  1579  1404  1437  1427  1391  1308  1243  
1164  1306  1393  1441  1504  1502  1529  1570  1528  1487  1561  1535  1470  1546  1530  1469  1426  1409  1345  1172  
1144  1336  1253  1359  1414  1387  1458  1449  1474  1473  1443  1485  1430  1425  1398  1343  1356  1316  1253  1176  
1026  1168  1194  1279  1259  1287  1339  1315  1304  1287  1258  1286  1299  1343  1295  1256  1252  1264  1144  1080  
