4698  5082  5359  5438  5578  5511  5455  5302  5077  4711  
5000  5732  6131  6031  6283  6180  6239  6014  5695  5091  
5243  6012  6421  6550  6344  6561  6522  6423  5959  5285  
5303  6181  6553  6826  6783  6833  6752  6624  6163  5443  
5478  6103  6562  6885  6898  6894  6821  6506  6154  5578  
5454  6303  6685  6920  6728  6923  6763  6739  6242  5554  
5444  6148  6602  6774  6713  6913  6748  6629  6136  5467  
5321  5975  6400  6450  6616  6515  6579  6335  6146  5414  
5083  5851  6141  6273  6105  6185  6276  6053  5711  5119  
4721  5202  5317  5270  5526  5513  5355  5506  5194  4649  
