1.19911
1125  1198  1148  1245  1240  1254  1228  1246  1268  1317  1335  1332  1302  1321  1235  1268  1232  1168  1142  1015  
1196  1264  1334  1333  1310  1418  1426  1428  1437  1397  1462  1435  1407  1474  1461  1388  1385  1358  1272  1212  
1172  1391  1445  1451  1475  1502  1514  1546  1457  1527  1525  1562  1616  1552  1492  1439  1460  1400  1303  1250  
1192  1355  1479  1481  1495  1520  1649  1564  1597  1614  1616  1539  1556  1640  1549  1589  1432  1463  1335  1298  
1228  1418  1481  1495  1609  1634  1543  1616  1658  1656  1613  1624  1585  1559  1582  1524  1497  1413  1392  1267  
1214  1411  1457  1575  1661  1547  1615  1625  1689  1708  1642  1722  1668  1664  1625  1635  1588  1522  1390  1271  
1334  1447  1520  1562  1639  1720  1612  1720  1747  1854  1583  1690  1676  1641  1580  1579  1538  1531  1408  1308  
1354  1494  1510  1659  1600  1677  1710  1656  1660  1659  1695  1688  1659  1713  1610  1619  1669  1523  1389  1322  
1258  1462  1514  1564  1607  1712  1604  1678  1784  1689  1674  1725  1666  1744  1706  1675  1611  1545  1450  1277  
1316  1499  1508  1611  1594  1675  1699  1694  1662  1666  1730  1757  1730  1694  1630  1701  1534  1575  1408  1223  
1308  1483  1548  1618  1659  1754  1706  1704  1669  1744  1728  1744  1688  1718  1639  1774  1583  1521  1484  1325  
1311  1471  1474  1627  1590  1735  1679  1680  1743  1682  1682  1659  1752  1677  1665  1617  1609  1532  1358  1231  
1379  1471  1495  1575  1676  1631  1679  1589  1665  1755  1598  1693  1761  1689  1685  1615  1517  1538  1471  1251  
1327  1428  1508  1554  1568  1591  1656  1675  1676  1691  1702  1606  1707  1744  1648  1605  1538  1492  1364  1298  
1300  1463  1496  1442  1579  1650  1679  1677  1663  1670  1652  1639  1675  1663  1667  1581  1551  1491  1420  1239  
1250  1428  1425  1550  1547  1568  1538  1647  1640  1616  1533  1664  1588  1586  1561  1578  1576  1463  1354  1333  
1263  1322  1468  1449  1460  1487  1554  1650  1558  1656  1646  1610  1561  1578  1544  1544  1480  1461  1354  1304  
1211  1370  1316  1453  1437  1485  1490  1512  1490  1546  1461  1547  1590  1553  1440  1435  1363  1351  1266  1202  
1179  1295  1298  1294  1322  1467  1482  1445  1456  1508  1391  1431  1387  1379  1388  1407  1330  1252  1246  1218  
1067  1180  1192  1287  1282  1337  1343  1277  1315  1340  1310  1264  1323  1224  1300  1226  1292  1164  1162  1116  
