1.19947
1142  1159  1173  1238  1309  1342  1255  1341  1299  1268  1276  1289  1270  1330  1274  1279  1201  1283  1196  1087  
1220  1194  1355  1303  1347  1406  1467  1339  1434  1521  1432  1394  1469  1425  1455  1370  1408  1222  1223  1141  
1241  1308  1362  1399  1438  1440  1466  1477  1522  1526  1510  1610  1544  1520  1565  1488  1406  1319  1234  1225  
1195  1420  1433  1440  1527  1635  1554  1577  1633  1601  1585  1563  1554  1585  1560  1466  1540  1387  1383  1204  
1323  1400  1501  1530  1621  1545  1623  1599  1610  1606  1720  1669  1595  1679  1554  1501  1517  1480  1375  1284  
1303  1394  1440  1589  1561  1604  1650  1656  1679  1567  1695  1658  1679  1616  1651  1512  1518  1489  1377  1278  
1312  1368  1528  1620  1627  1599  1668  1731  1783  1660  1701  1747  1694  1654  1697  1604  1551  1518  1414  1258  
1285  1481  1498  1537  1624  1619  1691  1733  1725  1711  1676  1761  1632  1708  1655  1583  1603  1575  1446  1274  
1284  1416  1591  1698  1607  1632  1659  1747  1690  1632  1781  1727  1677  1636  1651  1598  1631  1530  1402  1299  
1327  1425  1528  1666  1559  1698  1806  1821  1719  1738  1720  1677  1736  1723  1717  1663  1580  1432  1385  1263  
1307  1406  1604  1551  1611  1648  1687  1706  1742  1663  1718  1761  1735  1735  1665  1658  1550  1543  1364  1298  
1255  1496  1558  1609  1592  1621  1646  1709  1711  1642  1782  1783  1690  1693  1665  1611  1539  1497  1391  1278  
1266  1358  1547  1597  1583  1690  1695  1665  1749  1738  1710  1677  1722  1722  1708  1622  1579  1549  1373  1305  
1328  1368  1516  1651  1648  1692  1659  1573  1679  1667  1620  1638  1671  1632  1733  1620  1552  1488  1433  1328  
1226  1326  1453  1542  1596  1683  1606  1716  1691  1615  1742  1642  1582  1688  1675  1640  1585  1529  1408  1322  
1269  1442  1442  1498  1533  1570  1534  1657  1550  1655  1605  1661  1611  1556  1581  1553  1514  1436  1338  1239  
1181  1420  1445  1495  1493  1591  1529  1556  1596  1522  1595  1545  1575  1563  1519  1472  1473  1415  1295  1296  
1240  1345  1387  1464  1508  1506  1527  1508  1548  1450  1527  1534  1601  1511  1520  1429  1424  1376  1367  1204  
1205  1328  1358  1378  1386  1381  1397  1425  1390  1423  1504  1481  1402  1388  1387  1451  1354  1300  1275  1142  
1094  1121  1250  1256  1230  1287  1258  1326  1351  1365  1327  1248  1297  1292  1312  1225  1278  1205  1165  1109  
