4831  5095  5357  5513  5534  5495  5516  5191  5046  4728  
5150  5717  5935  6187  6287  6239  6187  6077  5832  5153  
5210  6133  6282  6359  6724  6797  6351  6304  6137  5215  
5539  6125  6514  6623  6970  6795  6737  6666  6130  5431  
5554  6355  6366  6808  6783  6951  6747  6681  6214  5506  
5671  6153  6560  6864  7056  6877  6915  6721  6203  5602  
5476  6260  6495  6624  6689  6762  6761  6504  6146  5351  
5309  6054  6460  6502  6585  6642  6544  6465  6065  5348  
5183  5719  5966  6251  6302  6263  6112  6018  5747  5091  
4676  5012  5291  5428  5407  5392  5430  5324  5082  4629  
