1.19861
1194  1189  1174  1206  1212  1170  1311  1214  1177  1169  
1152  1229  1128  1223  1232  1187  1205  1229  1150  1188  
1211  1286  1182  1194  1220  1176  1252  1175  1162  1175  
1255  1131  1179  1144  1186  1227  1171  1155  1193  1225  
1227  1111  1188  1195  1202  1221  1152  1243  1182  1162  
1199  1167  1185  1254  1233  1238  1182  1176  1227  1200  
1162  1187  1122  1169  1214  1289  1174  1242  1168  1296  
1190  1229  1205  1205  1112  1256  1222  1244  1208  1205  
1180  1151  1259  1217  1226  1168  1219  1167  1252  1230  
1225  1136  1222  1207  1209  1263  1163  1225  1236  1168  
