1.18644
1107  1102  1104  1199  1219  1258  1310  1260  1261  1328  1231  1277  1270  1311  1331  1238  1224  1264  1069  1051  
1131  1237  1296  1335  1349  1430  1388  1344  1468  1416  1471  1438  1425  1397  1384  1368  1422  1296  1272  1158  
1215  1258  1421  1405  1402  1480  1511  1619  1438  1437  1486  1484  1580  1467  1455  1469  1406  1337  1290  1261  
1302  1337  1410  1438  1582  1522  1533  1517  1530  1462  1605  1568  1520  1500  1535  1512  1470  1396  1346  1199  
1220  1452  1441  1456  1551  1547  1586  1649  1528  1679  1602  1627  1516  1627  1579  1547  1585  1511  1375  1190  
1235  1374  1489  1515  1582  1612  1625  1678  1657  1631  1641  1586  1675  1647  1641  1601  1490  1468  1393  1295  
1222  1403  1484  1537  1544  1710  1700  1728  1669  1663  1707  1689  1591  1630  1639  1576  1550  1499  1375  1282  
1282  1456  1448  1598  1540  1662  1642  1751  1699  1653  1715  1691  1669  1668  1591  1602  1605  1482  1418  1325  
1317  1384  1606  1596  1719  1646  1727  1669  1624  1728  1759  1700  1721  1684  1638  1696  1594  1619  1388  1263  
1277  1454  1437  1605  1653  1672  1774  1682  1692  1752  1687  1707  1643  1665  1650  1657  1526  1616  1427  1323  
1255  1438  1491  1582  1626  1703  1699  1679  1650  1709  1715  1639  1623  1710  1720  1505  1583  1518  1404  1311  
1300  1429  1545  1522  1598  1631  1673  1781  1800  1664  1731  1644  1731  1790  1615  1619  1562  1614  1429  1298  
1315  1395  1556  1533  1595  1643  1624  1677  1662  1793  1719  1697  1703  1683  1669  1568  1564  1554  1480  1320  
1279  1353  1517  1599  1503  1675  1659  1648  1640  1671  1589  1689  1663  1653  1581  1556  1452  1499  1343  1340  
1270  1343  1528  1381  1604  1592  1607  1690  1652  1684  1687  1664  1683  1683  1624  1638  1561  1395  1340  1272  
1228  1436  1515  1497  1622  1517  1593  1617  1553  1616  1641  1587  1614  1630  1516  1492  1447  1450  1448  1261  
1196  1346  1375  1449  1529  1557  1607  1628  1544  1553  1614  1620  1540  1658  1481  1561  1444  1458  1303  1305  
1181  1346  1375  1429  1400  1506  1503  1503  1553  1491  1583  1542  1550  1457  1500  1468  1440  1430  1310  1219  
1155  1274  1300  1379  1375  1313  1396  1396  1521  1413  1409  1417  1399  1403  1359  1388  1369  1359  1267  1100  
1110  1114  1255  1190  1232  1324  1322  1224  1217  1312  1334  1276  1322  1406  1272  1305  1207  1187  1143  1060  
