4763  4995  5317  5355  5326  5622  5347  5327  5150  4586  
5240  5711  5944  6228  6265  6177  6123  5908  5731  5143  
5187  6066  6377  6629  6520  6490  6632  6266  5986  5318  
5479  6067  6554  6546  6827  6854  6729  6534  6142  5531  
5541  6386  6582  6714  6916  6922  6783  6565  6128  5526  
5462  6270  6598  6848  6848  7079  6829  6601  6169  5511  
5523  6023  6500  6701  6800  6810  6857  6556  6087  5327  
5153  5954  6326  6605  6685  6528  6381  6309  5998  5344  
5134  5760  6021  6085  6252  6134  6139  5925  5724  5133  
4770  5229  5415  5571  5412  5570  5423  5278  5073  4681  
