1.19816
1198  1285  1182  1161  1232  1224  1189  1178  1192  1170  
1158  1216  1225  1276  1205  1129  1184  1167  1202  1199  
1244  1188  1186  1152  1188  1172  1155  1229  1155  1195  
1312  1258  1213  1214  1257  1194  1188  1247  1210  1161  
1227  1248  1241  1179  1206  1168  1178  1207  1147  1234  
1178  1211  1125  1141  1215  1125  1212  1201  1190  1225  
1211  1247  1192  1159  1223  1172  1245  1168  1227  1210  
1174  1125  1164  1174  1160  1246  1237  1222  1148  1195  
1197  1181  1166  1251  1219  1234  1169  1210  1228  1145  
1203  1244  1154  1178  1199  1187  1248  1254  1212  1142  
