4553  5075  5369  5535  5589  5367  5473  5207  5129  4621  
5041  5738  5988  6176  6168  6291  6112  6058  5754  5073  
5335  6047  6472  6592  6536  6517  6656  6488  5998  5264  
5425  6152  6459  6606  6736  6742  6761  6558  6166  5344  
5366  6265  6756  6652  6730  6938  7007  6728  6405  5556  
5465  6122  6486  6768  6763  6977  6769  6601  6284  5402  
5504  6133  6561  6728  6823  6808  6679  6452  6075  5541  
5314  6209  6297  6429  6544  6616  6599  6442  6177  5393  
5021  5785  5912  6301  6251  6187  6258  6029  5705  5117  
4744  5085  5321  5460  5340  5578  5496  5535  5129  4630  
