4684  5190  5446  5435  5562  5552  5431  5344  5105  4766  
5032  5690  6030  5913  6138  6015  6068  5965  5819  5079  
5201  6124  6435  6485  6530  6521  6572  6460  6013  5269  
5401  6085  6468  6642  6799  6764  6724  6613  6133  5312  
5464  6327  6592  6843  6914  6977  6815  6561  6359  5539  
5521  6173  6570  6886  6821  6824  6763  6758  6238  5617  
5357  6207  6568  6737  6664  6823  6669  6501  6118  5534  
5239  6166  6495  6574  6524  6652  6638  6340  6141  5315  
5084  5710  6105  6129  6119  6319  6180  5861  5758  5115  
4626  5158  5331  5318  5387  5435  5398  5363  5164  4584  
