4737  5160  5408  5417  5586  5451  5473  5297  5068  4688  
5127  5731  6028  5987  6272  6347  6225  6159  5817  5156  
5307  6053  6415  6449  6770  6483  6574  6294  5999  5409  
5385  6269  6453  6667  6754  6901  6523  6560  6162  5370  
5402  6132  6719  6677  6902  6935  6709  6510  6312  5612  
5546  6202  6634  6835  6926  6890  6794  6715  6262  5434  
5452  6351  6458  6796  6878  6775  6900  6604  6141  5425  
5284  6193  6478  6512  6736  6587  6721  6498  6033  5379  
5171  5606  5859  6180  6211  6339  6289  5976  5765  5027  
4554  5168  5270  5362  5470  5448  5333  5236  4986  4802  
