1.20058
1127  1176  1207  1273  1327  1213  1316  1322  1334  1315  1231  1405  1286  1319  1175  1188  1276  1319  1155  1164  
1176  1243  1342  1402  1348  1390  1421  1431  1387  1481  1415  1386  1437  1415  1427  1454  1377  1285  1211  1122  
1168  1341  1327  1394  1452  1484  1473  1517  1580  1529  1602  1505  1509  1527  1548  1431  1394  1386  1315  1179  
1287  1284  1483  1483  1481  1541  1519  1591  1540  1614  1587  1656  1512  1564  1555  1550  1406  1402  1390  1253  
1279  1332  1542  1515  1568  1528  1627  1626  1585  1635  1623  1668  1632  1578  1624  1540  1574  1431  1404  1247  
1213  1412  1451  1554  1642  1561  1701  1736  1659  1705  1670  1708  1732  1616  1675  1679  1561  1523  1449  1273  
1317  1431  1491  1575  1586  1648  1640  1708  1698  1734  1724  1683  1683  1684  1576  1657  1651  1458  1440  1345  
1283  1455  1558  1589  1586  1692  1697  1592  1711  1741  1662  1657  1694  1709  1644  1623  1553  1541  1481  1349  
1292  1415  1505  1626  1683  1660  1760  1798  1756  1702  1667  1745  1772  1703  1603  1579  1682  1524  1466  1345  
1313  1464  1497  1618  1679  1657  1676  1716  1772  1753  1775  1669  1836  1692  1623  1663  1588  1442  1424  1322  
1273  1461  1511  1646  1587  1677  1610  1733  1704  1729  1818  1748  1682  1713  1662  1655  1578  1581  1474  1373  
1293  1382  1463  1527  1657  1638  1640  1716  1774  1701  1728  1697  1725  1708  1638  1757  1684  1487  1419  1303  
1277  1433  1519  1574  1628  1680  1598  1673  1739  1771  1763  1702  1748  1720  1618  1593  1539  1469  1448  1262  
1235  1473  1467  1642  1637  1656  1680  1706  1622  1755  1722  1643  1722  1702  1628  1605  1526  1509  1440  1317  
1218  1386  1464  1616  1640  1601  1617  1674  1666  1632  1658  1626  1668  1658  1681  1598  1529  1474  1432  1270  
1215  1390  1503  1483  1588  1626  1605  1566  1590  1599  1669  1543  1523  1585  1639  1576  1519  1480  1376  1311  
1267  1353  1482  1503  1515  1521  1490  1536  1584  1574  1579  1552  1625  1501  1508  1544  1422  1382  1389  1220  
1170  1371  1370  1441  1446  1474  1481  1501  1486  1475  1457  1542  1474  1521  1447  1531  1492  1372  1254  1182  
1113  1247  1323  1376  1419  1422  1460  1385  1423  1453  1478  1457  1383  1420  1345  1409  1305  1361  1220  1167  
1044  1167  1311  1242  1329  1252  1289  1320  1329  1343  1334  1336  1337  1252  1268  1257  1251  1122  1134  1097  
