1.2015
1166  1122  1205  1268  1264  1304  1267  1320  1251  1306  1238  1310  1342  1249  1303  1264  1254  1207  1189  1088  
1120  1263  1286  1346  1372  1422  1398  1490  1416  1453  1484  1456  1404  1414  1448  1382  1415  1271  1308  1160  
1164  1305  1387  1464  1500  1445  1483  1587  1530  1592  1506  1524  1592  1473  1478  1531  1416  1331  1319  1160  
1176  1402  1416  1549  1549  1578  1623  1442  1581  1523  1554  1620  1607  1542  1656  1533  1457  1398  1310  1228  
1285  1400  1517  1497  1614  1584  1551  1616  1692  1723  1757  1537  1683  1671  1542  1551  1507  1472  1344  1179  
1240  1426  1511  1494  1644  1577  1700  1672  1653  1671  1638  1712  1681  1661  1580  1562  1514  1421  1407  1256  
1242  1377  1536  1543  1662  1620  1678  1718  1772  1747  1714  1619  1655  1688  1680  1670  1543  1480  1411  1287  
1291  1466  1516  1576  1635  1644  1727  1687  1681  1697  1701  1663  1711  1691  1661  1606  1584  1590  1442  1213  
1268  1388  1506  1637  1620  1667  1623  1674  1707  1732  1725  1769  1716  1691  1691  1564  1589  1532  1490  1277  
1332  1423  1551  1583  1689  1656  1779  1753  1750  1782  1767  1785  1779  1742  1674  1687  1528  1548  1508  1297  
1362  1512  1586  1589  1623  1633  1672  1661  1724  1750  1750  1775  1729  1764  1628  1584  1623  1586  1440  1346  
1279  1476  1530  1576  1601  1633  1653  1796  1733  1692  1776  1688  1702  1685  1681  1643  1570  1478  1410  1307  
1237  1467  1566  1530  1620  1649  1674  1693  1698  1716  1638  1759  1644  1632  1660  1616  1611  1569  1439  1249  
1247  1385  1445  1521  1575  1680  1706  1777  1682  1671  1758  1713  1632  1684  1633  1612  1580  1495  1442  1235  
1247  1490  1522  1492  1562  1638  1636  1631  1594  1678  1716  1647  1616  1644  1717  1578  1537  1469  1368  1267  
1310  1398  1494  1461  1562  1622  1618  1602  1623  1668  1675  1627  1629  1699  1564  1613  1590  1436  1342  1271  
1238  1412  1488  1458  1543  1568  1623  1636  1558  1617  1648  1590  1658  1598  1573  1419  1458  1401  1393  1208  
1200  1323  1362  1476  1515  1492  1517  1560  1547  1523  1587  1542  1611  1475  1447  1425  1409  1425  1336  1175  
1111  1235  1244  1399  1438  1443  1403  1441  1472  1470  1373  1484  1451  1436  1406  1393  1373  1362  1217  1192  
1035  1116  1197  1281  1233  1269  1337  1267  1316  1331  1276  1331  1271  1256  1284  1283  1210  1218  1181  1113  
