4581  4773  4994  5054  5058  5022  4961  4926  4970  4515  
4863  5421  5569  5531  5632  5677  5677  5593  5304  4924  
5069  5663  5695  5814  5587  5881  5817  5750  5528  4925  
4874  5632  5884  5989  5979  5928  5733  5853  5646  4997  
5007  5703  5836  5991  5798  6214  5879  5867  5576  4990  
5136  5681  5846  6084  6004  5847  6121  5818  5645  5106  
5022  5554  5800  5877  5918  6027  5900  5828  5683  4885  
4891  5573  5582  5821  5924  5858  5779  5822  5580  4973  
4768  5483  5485  5654  5858  5573  5432  5463  5490  4843  
4503  4728  4996  4938  5048  5209  5121  4971  4852  4548  
