1.20308
1189  1279  1268  1170  1215  1194  1166  1238  1270  1216  
1177  1155  1144  1215  1185  1214  1239  1254  1155  1270  
1218  1218  1162  1181  1236  1279  1203  1232  1192  1288  
1237  1163  1170  1188  1184  1201  1220  1204  1166  1262  
1260  1180  1133  1234  1213  1197  1206  1120  1194  1202  
1234  1203  1135  1319  1238  1205  1186  1146  1109  1212  
1139  1174  1225  1161  1242  1160  1200  1270  1234  1189  
1128  1202  1158  1145  1258  1209  1244  1186  1219  1188  
1215  1222  1174  1227  1245  1259  1221  1162  1249  1149  
1154  1170  1193  1197  1191  1215  1187  1246  1192  1252  
