4571  4998  5188  5296  5511  5439  5375  5337  4999  4629  
5020  5548  5981  5912  6212  6273  5883  6032  5627  5115  
5301  5910  6169  6304  6510  6620  6404  6379  5925  5223  
5312  5978  6359  6647  6687  6977  6589  6416  5908  5365  
5319  6100  6478  6702  6720  6733  6594  6472  6317  5357  
5292  6264  6589  6850  6682  6833  6768  6595  6242  5414  
5386  6233  6374  6522  6708  6790  6657  6441  6081  5263  
5105  6079  6344  6394  6539  6521  6520  6190  6023  5154  
4956  5764  6067  6015  5995  6122  6037  5976  5763  5129  
4721  5038  5204  5443  5458  5254  5471  5246  4992  4681  
