1.20106
1104  1156  1167  1216  1305  1283  1289  1234  1312  1293  1255  1313  1283  1283  1247  1188  1244  1169  1160  1077  
1150  1244  1296  1369  1467  1451  1384  1397  1459  1528  1399  1457  1467  1425  1497  1374  1415  1374  1302  1106  
1268  1250  1443  1420  1458  1453  1493  1482  1543  1516  1488  1532  1451  1492  1568  1428  1457  1416  1288  1224  
1210  1323  1484  1529  1522  1595  1536  1566  1598  1631  1547  1635  1541  1619  1579  1493  1549  1415  1344  1233  
1300  1398  1400  1456  1572  1611  1728  1665  1648  1667  1689  1783  1659  1584  1649  1638  1531  1471  1351  1273  
1342  1376  1531  1600  1648  1671  1672  1635  1684  1622  1614  1689  1602  1657  1645  1653  1569  1514  1439  1227  
1302  1386  1469  1588  1529  1531  1674  1664  1667  1686  1678  1630  1670  1653  1553  1621  1544  1495  1401  1327  
1318  1417  1508  1600  1650  1733  1645  1720  1707  1712  1715  1708  1711  1623  1651  1637  1587  1530  1360  1244  
1307  1483  1427  1609  1584  1635  1674  1733  1709  1778  1682  1623  1765  1772  1614  1675  1615  1542  1444  1266  
1349  1395  1491  1623  1630  1664  1671  1780  1737  1689  1724  1788  1669  1752  1620  1656  1628  1533  1470  1304  
1360  1440  1493  1649  1686  1641  1674  1713  1695  1774  1781  1693  1778  1728  1642  1612  1619  1469  1461  1365  
1306  1465  1435  1546  1598  1703  1725  1684  1766  1736  1742  1702  1733  1656  1595  1522  1611  1549  1498  1276  
1317  1444  1526  1597  1622  1679  1710  1639  1649  1728  1728  1841  1719  1709  1617  1630  1574  1506  1389  1298  
1262  1447  1594  1490  1598  1639  1701  1654  1724  1726  1708  1737  1686  1668  1578  1591  1505  1437  1500  1244  
1311  1432  1477  1579  1580  1593  1692  1605  1692  1637  1635  1678  1643  1587  1668  1541  1565  1537  1419  1289  
1271  1371  1454  1573  1660  1536  1656  1685  1683  1665  1642  1697  1631  1671  1566  1578  1549  1413  1391  1189  
1269  1293  1455  1444  1556  1502  1558  1584  1642  1614  1534  1618  1647  1599  1548  1532  1458  1356  1346  1215  
1172  1399  1332  1465  1433  1510  1518  1543  1531  1532  1507  1453  1502  1538  1459  1502  1407  1413  1324  1112  
1208  1289  1372  1389  1382  1369  1430  1489  1469  1477  1465  1451  1461  1446  1391  1360  1304  1286  1251  1155  
1089  1122  1180  1218  1244  1267  1240  1334  1297  1280  1291  1316  1308  1293  1344  1346  1292  1219  1235  1081  
