4664  5070  5311  5502  5420  5407  5438  5402  5068  4679  
5162  5616  6164  6104  6275  6224  6216  6072  5876  5122  
5508  5903  6516  6496  6559  6595  6422  6408  6085  5357  
5472  6133  6520  6771  6809  6936  6665  6607  6126  5379  
5423  6161  6657  6720  6937  6793  6840  6525  6297  5439  
5484  6297  6687  6790  6906  6859  7007  6696  6200  5488  
5435  6301  6584  6642  6807  6865  6805  6500  6246  5398  
5372  6004  6332  6506  6469  6618  6415  6272  5927  5182  
5164  5762  6110  6286  6221  6052  6210  5868  5802  5060  
4568  5055  5396  5405  5389  5580  5439  5300  5031  4747  
