1.20049
1091  1147  1219  1290  1252  1242  1296  1277  1236  1285  1337  1274  1252  1249  1344  1273  1181  1229  1159  1129  
1193  1255  1351  1343  1346  1465  1458  1457  1381  1414  1418  1423  1492  1481  1476  1453  1441  1332  1256  1127  
1190  1360  1402  1445  1471  1561  1541  1556  1480  1471  1611  1532  1549  1496  1496  1420  1299  1380  1359  1188  
1146  1337  1430  1499  1598  1561  1535  1562  1620  1623  1631  1650  1587  1591  1555  1483  1485  1414  1352  1284  
1262  1385  1455  1474  1525  1614  1588  1645  1556  1628  1652  1659  1645  1508  1643  1573  1533  1420  1350  1237  
1207  1368  1448  1515  1505  1657  1517  1674  1741  1693  1717  1633  1666  1627  1535  1639  1550  1520  1371  1221  
1241  1450  1491  1547  1576  1662  1599  1634  1701  1736  1762  1718  1653  1713  1668  1608  1580  1537  1429  1270  
1281  1365  1527  1571  1609  1706  1683  1639  1705  1742  1709  1729  1664  1733  1711  1577  1561  1470  1462  1328  
1287  1459  1483  1512  1603  1678  1687  1789  1633  1731  1719  1687  1762  1716  1767  1696  1594  1524  1442  1259  
1275  1460  1523  1581  1578  1666  1732  1689  1695  1715  1698  1710  1699  1740  1745  1715  1585  1541  1512  1436  
1285  1463  1561  1579  1651  1691  1701  1718  1709  1687  1703  1670  1746  1738  1660  1647  1558  1514  1379  1323  
1242  1411  1523  1568  1648  1626  1708  1801  1782  1686  1692  1695  1688  1672  1685  1602  1560  1482  1397  1277  
1253  1469  1537  1528  1674  1650  1647  1666  1634  1710  1764  1756  1654  1691  1705  1556  1544  1492  1414  1235  
1362  1457  1491  1583  1638  1633  1703  1666  1643  1711  1736  1755  1701  1656  1632  1668  1570  1576  1427  1299  
1205  1372  1599  1646  1604  1575  1642  1704  1657  1662  1668  1718  1649  1605  1644  1552  1525  1477  1377  1341  
1264  1389  1510  1458  1492  1647  1624  1626  1655  1664  1631  1699  1752  1593  1590  1559  1490  1480  1339  1231  
1175  1413  1387  1472  1459  1583  1573  1599  1578  1586  1651  1565  1612  1560  1478  1533  1480  1432  1394  1214  
1173  1260  1400  1449  1431  1565  1582  1525  1525  1577  1507  1538  1544  1508  1537  1448  1466  1349  1316  1211  
1195  1239  1310  1264  1342  1477  1455  1479  1475  1469  1474  1426  1412  1416  1389  1364  1337  1380  1204  1077  
1068  1185  1200  1252  1262  1256  1218  1344  1339  1298  1254  1329  1282  1271  1246  1235  1267  1145  1130  1137  
