1.20071
1250  1199  1162  1197  1280  1284  1245  1204  1238  1224  
1177  1206  1141  1213  1229  1260  1159  1203  1225  1262  
1217  1229  1201  1218  1190  1296  1194  1162  1166  1138  
1236  1244  1229  1204  1155  1166  1183  1203  1262  1225  
1174  1220  1269  1174  1206  1172  1157  1149  1193  1219  
1175  1162  1262  1209  1179  1178  1161  1210  1214  1183  
1195  1188  1229  1199  1136  1206  1165  1184  1250  1211  
1161  1183  1217  1145  1237  1175  1213  1162  1171  1159  
1208  1196  1256  1209  1213  1166  1210  1239  1209  1254  
1192  1140  1155  1178  1213  1204  1242  1226  1220  1227  
