1.19873
1202  1159  1197  1187  1194  1149  1201  1169  1212  1249  
1276  1267  1194  1260  1153  1217  1229  1195  1219  1241  
1252  1211  1218  1167  1220  1164  1131  1183  1262  1158  
1180  1120  1217  1204  1165  1208  1232  1252  1199  1202  
1194  1196  1193  1183  1196  1212  1149  1160  1213  1229  
1160  1257  1208  1184  1163  1109  1270  1201  1224  1217  
1232  1184  1207  1227  1215  1151  1158  1178  1155  1254  
1250  1149  1200  1154  1198  1188  1217  1248  1254  1237  
1182  1132  1187  1159  1200  1232  1258  1147  1280  1208  
1196  1148  1165  1226  1133  1185  1252  1164  1247  1150  
