1.19903
1129  1226  1194  1248  1209  1259  1273  1291  1285  1296  1254  1260  1290  1296  1325  1255  1269  1217  1228  1112  
1185  1240  1360  1395  1364  1414  1390  1490  1388  1434  1461  1410  1568  1448  1361  1499  1351  1324  1246  1195  
1172  1357  1418  1398  1508  1488  1442  1475  1490  1517  1532  1561  1484  1498  1411  1452  1525  1420  1226  1169  
1212  1356  1543  1476  1539  1566  1522  1523  1581  1658  1581  1580  1526  1576  1547  1597  1433  1330  1321  1235  
1324  1430  1541  1475  1597  1592  1689  1593  1612  1633  1600  1710  1725  1570  1630  1570  1544  1468  1395  1259  
1196  1420  1505  1592  1558  1589  1676  1739  1642  1689  1653  1713  1652  1665  1616  1568  1547  1502  1413  1270  
1313  1402  1462  1638  1576  1703  1636  1692  1633  1685  1722  1633  1757  1613  1555  1587  1537  1522  1387  1284  
1284  1410  1502  1473  1639  1637  1737  1664  1723  1756  1692  1701  1697  1647  1593  1596  1608  1491  1416  1306  
1305  1467  1516  1519  1728  1705  1708  1685  1623  1678  1683  1626  1714  1700  1666  1587  1509  1513  1470  1377  
1351  1502  1592  1546  1623  1671  1723  1702  1756  1685  1749  1754  1655  1639  1685  1630  1549  1553  1297  1290  
1305  1475  1549  1577  1617  1723  1691  1698  1728  1753  1686  1703  1671  1717  1710  1582  1556  1536  1431  1272  
1354  1459  1506  1602  1593  1698  1658  1763  1700  1731  1788  1723  1798  1674  1566  1697  1544  1535  1455  1315  
1281  1400  1534  1639  1637  1590  1634  1781  1755  1768  1774  1694  1708  1731  1755  1584  1567  1539  1430  1291  
1274  1378  1561  1562  1634  1762  1662  1703  1668  1637  1767  1632  1655  1647  1587  1546  1539  1503  1455  1293  
1258  1438  1464  1575  1589  1571  1662  1663  1604  1660  1727  1648  1551  1612  1644  1592  1622  1480  1392  1289  
1195  1351  1481  1463  1557  1578  1590  1653  1571  1636  1599  1514  1675  1607  1660  1563  1485  1467  1339  1261  
1299  1378  1468  1525  1514  1537  1543  1552  1617  1568  1596  1614  1620  1481  1551  1485  1530  1421  1316  1279  
1237  1407  1428  1424  1496  1549  1461  1494  1543  1534  1575  1546  1578  1546  1437  1457  1411  1467  1310  1246  
1218  1288  1209  1345  1372  1364  1421  1442  1441  1471  1457  1445  1395  1477  1447  1382  1358  1337  1225  1144  
1111  1208  1203  1197  1249  1237  1325  1368  1328  1286  1317  1319  1280  1298  1284  1208  1270  1248  1159  1163  
