4717  5134  5328  5508  5495  5403  5439  5369  5108  4647  
5221  5785  6127  6122  6173  6122  5986  6072  5717  5137  
5393  5970  6335  6438  6612  6648  6520  6332  6034  5318  
5558  6144  6666  6690  6939  6891  6745  6604  6101  5332  
5591  6310  6651  6869  6818  6837  6749  6743  6113  5428  
5589  6093  6610  6928  6979  6952  6749  6754  6322  5385  
5476  6246  6551  6696  6716  6746  6502  6607  6205  5487  
5326  6178  6359  6662  6608  6669  6563  6425  6093  5317  
5215  5765  5912  6073  6389  6166  6001  5905  5784  5094  
4688  5012  5325  5477  5428  5564  5319  5275  5133  4640  
