1.1958
1245  1204  1162  1139  1221  1157  1245  1240  1256  1218  
1151  1216  1159  1164  1120  1209  1186  1242  1201  1184  
1144  1340  1200  1231  1161  1211  1152  1204  1153  1167  
1229  1233  1236  1252  1171  1231  1174  1178  1181  1256  
1246  1191  1185  1220  1218  1188  1150  1206  1204  1258  
1189  1154  1211  1239  1196  1183  1134  1181  1241  1182  
1156  1117  1297  1241  1140  1112  1166  1219  1175  1133  
1243  1266  1207  1206  1172  1248  1205  1192  1154  1189  
1193  1168  1200  1199  1152  1189  1202  1172  1224  1128  
1234  1149  1118  1190  1217  1222  1149  1215  1230  1153  
