4449  4948  5130  5217  5298  5391  5282  5152  4974  4463  
4953  5472  5799  6024  5942  6038  5977  5769  5611  4907  
5167  5783  6114  6277  6366  6414  6265  6008  5697  5161  
5209  5948  6250  6460  6590  6543  6483  6291  5802  5209  
5208  5848  6333  6474  6523  6635  6441  6419  6008  5222  
5243  5992  6432  6465  6328  6654  6546  6291  6013  5236  
5252  5869  6211  6521  6395  6452  6566  6161  5933  5340  
5097  5744  6047  6123  6453  6398  6429  6090  5790  5195  
4926  5516  5759  5936  5949  6056  5843  5823  5599  4905  
4496  4981  5215  5094  5322  5292  5289  5179  4922  4539  
