5087  4966  5083  4935  5013  4996  5066  4961  5109  5137  
4982  5012  4979  5007  5109  5035  4839  5107  5124  5051  
4975  5072  4943  5016  5100  4900  5034  4982  4960  5038  
4947  4853  5031  5109  5036  5024  5027  4967  5040  4940  
4990  5156  5041  5000  4990  5044  5003  5085  4920  4962  
5034  4971  4898  4989  4995  4972  4936  4980  5029  5133  
4919  4962  4997  4930  5051  5135  4908  5038  4993  5062  
4970  4960  4952  5003  5012  4922  4958  5017  4956  4944  
4912  5029  5035  4964  5172  4997  5054  4934  5060  5023  
5007  4806  5029  4925  4991  4961  4816  4953  5008  4915  
