4650  5089  5451  5518  5529  5518  5423  5385  5150  4720  
5144  5634  6096  6014  6260  6076  5964  6054  5822  5040  
5312  5969  6235  6632  6721  6673  6511  6475  6101  5381  
5548  6112  6550  6656  6877  6702  6624  6465  6118  5444  
5448  6282  6548  6876  6927  7194  6714  6779  6175  5497  
5429  6351  6736  6769  6988  6971  6865  6557  6199  5547  
5464  6299  6427  6575  6905  6825  6636  6584  6152  5417  
5370  5991  6289  6527  6691  6594  6476  6453  5937  5364  
5077  5727  6039  6179  6307  6256  6147  6110  5822  5093  
4750  4938  5408  5517  5547  5509  5467  5318  5119  4680  
