4514  4886  5303  5366  5380  5401  5211  5250  4858  4614  
4904  5569  5963  6009  6145  6025  5990  5943  5521  5076  
5052  5860  6293  6301  6430  6518  6352  6185  5739  5110  
5291  5877  6444  6634  6553  6376  6593  6451  6029  5205  
5349  5951  6254  6414  6631  6623  6549  6377  5924  5170  
5151  5925  6283  6543  6599  6417  6557  6307  6119  5318  
5278  5973  6271  6561  6515  6496  6480  6302  6073  5209  
5140  5912  6155  6495  6430  6386  6342  6149  5963  5019  
4832  5478  5837  6058  6013  6021  5933  5835  5553  5012  
4438  4951  5042  5330  5328  5181  5284  5164  5003  4481  
