4781  5058  5374  5233  5490  5537  5507  5231  4936  4733  
5057  5730  6036  6118  6347  6221  6048  5942  5900  5135  
5398  6125  6457  6567  6659  6537  6397  6433  6041  5296  
5280  6124  6631  6693  6782  6821  6845  6502  6317  5342  
5497  6271  6608  6698  6973  6809  6595  6726  6135  5460  
5586  6252  6667  6745  6988  6901  6733  6438  6312  5639  
5545  6095  6493  6676  6685  6853  6745  6642  6422  5445  
5410  6023  6345  6524  6575  6553  6613  6431  5992  5359  
5158  5867  5987  6133  6138  6205  6125  6098  5746  5118  
4714  5174  5340  5373  5464  5370  5470  5375  5151  4530  
