4830  5205  5346  5461  5386  5494  5393  5414  5101  4604  
5071  5746  6053  6271  6177  6267  6098  5849  5766  5070  
5180  5966  6462  6529  6498  6651  6523  6176  6060  5399  
5508  6252  6620  6684  6685  6999  6781  6471  6229  5385  
5478  6119  6775  7110  7063  6807  6860  6678  6143  5535  
5389  6183  6646  6730  6982  6795  6823  6660  6220  5538  
5359  5998  6696  6811  6706  6668  6782  6470  6134  5286  
5395  6142  6479  6405  6696  6589  6649  6378  6146  5456  
5084  5706  6009  6046  6152  6217  6065  6009  5833  5127  
4615  5029  5325  5384  5628  5318  5536  5391  4950  4703  
