4811  5113  5359  5316  5539  5575  5562  5347  5022  4616  
5185  5709  6121  6141  6106  6194  6142  6123  5712  5025  
5304  6039  6442  6509  6776  6602  6436  6307  6061  5213  
5400  6163  6610  6746  6905  6914  6702  6709  6202  5416  
5516  6353  6639  6786  6974  6959  6872  6961  6301  5481  
5350  6128  6592  6780  6945  6893  6797  6766  6370  5571  
5462  6213  6567  6737  6763  6622  6675  6492  6109  5277  
5343  6067  6313  6548  6458  6610  6403  6293  6046  5388  
5140  5688  6007  6238  6153  6206  6104  6031  5745  5053  
4667  5222  5270  5510  5385  5359  5380  5321  5037  4699  
