4703  5090  5126  5316  5553  5424  5337  5186  5146  4686  
5064  5781  6079  6035  6072  6267  6078  5965  5843  5172  
5279  5948  6364  6475  6570  6571  6476  6428  5804  5301  
5444  5923  6498  6647  6715  6780  6883  6650  6144  5343  
5556  6105  6659  6686  6858  6769  6696  6662  6369  5665  
5327  6197  6441  6742  6760  6680  6843  6502  6186  5492  
5387  6144  6513  6678  6818  6739  6426  6486  6158  5350  
5369  5900  6254  6562  6553  6624  6452  6407  6033  5322  
4947  5616  6016  5969  6102  6045  6111  5972  5593  5016  
4596  5097  5226  5353  5439  5394  5409  5279  5089  4551  
