4773  5018  5262  5478  5567  5479  5339  5372  5155  4806  
5213  5738  5980  6258  6034  6215  6272  6011  5600  5093  
5422  5962  6538  6485  6804  6677  6461  6361  5984  5317  
5345  6199  6562  6692  6919  6758  6700  6606  5951  5470  
5476  6293  6538  6790  7100  7034  6790  6541  6223  5510  
5440  6285  6609  6773  6911  6854  6751  6697  6325  5344  
5636  6180  6416  6700  6865  6810  6849  6448  6179  5404  
5281  5989  6375  6628  6458  6775  6635  6351  5887  5355  
5082  5777  6047  6133  6201  6321  6071  5988  5642  4976  
4556  5176  5347  5356  5541  5398  5540  5496  5093  4557  
