4691  5260  5452  5432  5631  5343  5484  5284  5140  4667  
5110  5622  6138  6170  6200  6160  6031  6085  5721  5101  
5435  6102  6343  6462  6642  6520  6577  6394  6176  5376  
5589  6142  6509  6801  6773  6843  6694  6448  6072  5448  
5350  6178  6583  6843  7013  6665  6892  6496  6353  5408  
5510  6430  6658  6843  6723  6802  6837  6580  6143  5451  
5320  6176  6633  6706  6695  6980  6722  6714  6264  5518  
5281  6025  6284  6412  6614  6677  6616  6398  6013  5329  
5213  5703  5857  6162  6281  6096  6271  6244  5726  5184  
4569  5114  5259  5472  5647  5336  5488  5332  5179  4653  
