4683  5029  5237  5436  5461  5521  5454  5313  5158  4672  
5146  5791  5983  6160  6201  6194  6228  6122  5667  5139  
5317  6109  6174  6506  6834  6640  6618  6394  6054  5367  
5347  6185  6579  6711  6865  6715  6780  6522  6270  5313  
5506  6320  6609  6776  7006  6852  6781  6748  6218  5571  
5401  6172  6431  7058  6870  7034  6671  6693  6213  5413  
5367  6338  6705  6795  6825  6925  6608  6537  6157  5527  
5320  6068  6503  6545  6648  6576  6655  6269  5905  5370  
5241  5845  5980  6264  6427  6254  6291  6148  5801  5201  
4651  5005  5408  5464  5391  5431  5482  5305  5149  4673  
