4704  5199  5426  5492  5597  5554  5426  5366  5241  4672  
5100  5841  5918  6168  6254  6303  6121  6067  5727  5087  
5283  5932  6425  6447  6404  6724  6366  6304  6054  5283  
5340  6156  6504  6691  6927  6821  6681  6508  6058  5466  
5398  6260  6642  6901  6891  6887  6813  6513  6275  5550  
5490  6274  6685  6668  6874  6837  6735  6407  6160  5374  
5502  6228  6506  6817  6899  6788  6737  6581  6254  5342  
5398  6003  6431  6562  6660  6501  6720  6251  5988  5367  
5093  5825  5964  6164  6276  6259  6067  6025  5741  5144  
4780  5242  5381  5531  5461  5408  5446  5570  5037  4740  
