4744  5188  5393  5446  5548  5419  5323  5391  5203  4653  
5094  5754  6040  6129  6238  6308  6285  6094  5700  5050  
5220  5869  6308  6662  6634  6508  6600  6304  6187  5293  
5335  6144  6460  6704  6798  6874  6675  6421  6111  5624  
5450  6300  6637  6906  6714  6971  6861  6690  6249  5371  
5555  6212  6569  6928  6954  6765  6817  6710  6365  5460  
5485  6073  6562  6863  6925  6938  6552  6571  6157  5374  
5292  5883  6264  6510  6680  6588  6462  6500  6149  5178  
5149  5716  6020  6203  6216  6292  6096  5992  5726  5020  
4729  5115  5409  5420  5474  5473  5498  5241  5144  4681  
