4792  5059  5282  5548  5494  5615  5556  5263  5247  4664  
5091  5765  5988  6208  6340  6208  5985  6119  5529  5169  
5410  5975  6300  6575  6639  6640  6602  6384  6015  5285  
5533  6186  6474  6862  6786  6815  6684  6599  6188  5435  
5479  6303  6528  6817  6955  6826  6700  6651  6122  5488  
5466  6091  6613  6810  6947  6768  6783  6741  6333  5641  
5483  6315  6605  6566  6834  6730  6544  6501  6129  5357  
5270  6110  6457  6414  6586  6411  6321  6302  6087  5389  
5073  5681  5971  6280  6268  6237  6359  5940  5740  5192  
4563  5128  5455  5499  5517  5420  5318  5406  5178  4676  
