4694  5097  5416  5401  5347  5380  5481  5354  5180  4730  
5094  5684  5969  6203  6235  6113  6278  5891  5667  5162  
5331  6075  6123  6414  6671  6498  6610  6302  6019  5215  
5407  6150  6573  6800  6704  6786  6671  6515  6367  5445  
5557  6267  6504  6730  6990  6888  6887  6659  6216  5471  
5505  6235  6544  6921  6840  6902  6676  6447  6349  5596  
5373  6001  6606  6669  6852  6808  6712  6509  6237  5389  
5354  6029  6316  6530  6671  6447  6513  6412  6021  5108  
5134  5742  6016  6258  6260  6125  6283  5853  5728  5104  
4644  4980  5237  5480  5488  5441  5436  5276  5071  4644  
