4756  4935  5290  5379  5568  5572  5625  5367  5083  4710  
5017  5760  5875  6265  6340  6266  6241  5955  5697  5291  
5207  6050  6364  6506  6488  6753  6519  6373  6004  5435  
5487  6202  6567  6630  6748  6745  6740  6506  6219  5363  
5605  6222  6717  6778  6757  6967  6979  6582  6245  5461  
5549  6266  6474  6880  6962  6967  6723  6579  6265  5569  
5469  6197  6602  6659  6786  6878  6754  6381  6126  5472  
5184  5952  6341  6576  6479  6548  6567  6338  5827  5469  
5090  5687  6056  6090  6170  6279  6069  6013  5870  5250  
4768  5100  5452  5360  5423  5491  5494  5403  5090  4693  
