4688  5022  5407  5318  5570  5492  5487  5336  5130  4797  
5233  5817  6072  6220  6073  5977  6202  5939  5848  5168  
5414  6124  6176  6438  6625  6565  6682  6267  5850  5292  
5461  6202  6564  6763  6887  7028  6736  6491  6140  5312  
5574  6121  6513  6827  6914  6908  6905  6653  6297  5492  
5493  6222  6603  6864  6797  6865  6819  6704  6352  5474  
5386  6239  6465  6677  6706  6975  6722  6621  6221  5363  
5280  6221  6306  6537  6688  6726  6581  6348  6014  5301  
5177  5693  5968  6114  6367  6125  6099  6054  5627  5081  
4686  5056  5439  5558  5533  5509  5327  5322  5222  4532  
