1.19743
1485  1486  1536  1458  1401  1518  1467  1558  1422  1480  1430  1421  1452  1494  1527  1578  1517  1479  1486  1448  
1494  1489  1518  1501  1490  1423  1478  1513  1496  1527  1469  1441  1549  1512  1434  1500  1512  1441  1538  1632  
1494  1499  1500  1514  1445  1534  1559  1539  1514  1498  1473  1565  1450  1558  1483  1565  1513  1527  1437  1562  
1461  1476  1539  1549  1469  1549  1550  1468  1537  1437  1587  1454  1500  1496  1550  1559  1455  1604  1513  1528  
1464  1576  1527  1492  1504  1540  1486  1449  1457  1552  1515  1579  1532  1492  1506  1483  1552  1535  1504  1463  
1499  1470  1536  1533  1451  1515  1537  1522  1483  1419  1537  1450  1599  1435  1589  1505  1536  1465  1534  1509  
1493  1514  1451  1458  1472  1477  1409  1584  1448  1608  1439  1484  1453  1510  1480  1532  1512  1471  1477  1555  
1511  1439  1497  1560  1445  1455  1588  1489  1475  1518  1525  1479  1570  1451  1442  1566  1478  1511  1525  1428  
1565  1481  1538  1554  1517  1488  1541  1542  1518  1475  1494  1510  1570  1502  1480  1463  1539  1485  1503  1437  
1478  1497  1545  1505  1513  1466  1529  1484  1557  1493  1541  1496  1535  1521  1523  1458  1573  1474  1469  1477  
1481  1512  1574  1504  1487  1423  1574  1470  1402  1463  1446  1499  1402  1531  1535  1538  1510  1478  1490  1504  
1453  1488  1527  1519  1539  1454  1576  1479  1448  1565  1583  1499  1527  1482  1563  1422  1520  1564  1559  1603  
1520  1499  1524  1488  1520  1566  1466  1522  1463  1469  1541  1479  1526  1446  1499  1456  1472  1448  1494  1508  
1524  1474  1454  1507  1509  1508  1535  1501  1486  1410  1406  1458  1590  1515  1452  1513  1548  1480  1504  1447  
1513  1537  1460  1493  1535  1515  1451  1480  1505  1518  1481  1507  1504  1514  1518  1466  1484  1508  1480  1567  
1476  1468  1511  1501  1484  1505  1444  1491  1520  1442  1476  1396  1490  1446  1474  1586  1438  1484  1494  1468  
1485  1428  1513  1528  1558  1556  1453  1506  1450  1428  1491  1495  1472  1488  1471  1464  1545  1406  1439  1532  
1563  1526  1566  1515  1532  1506  1483  1481  1432  1488  1509  1577  1463  1497  1524  1515  1475  1547  1382  1492  
1526  1443  1495  1513  1454  1458  1481  1521  1476  1446  1455  1468  1434  1445  1433  1413  1446  1411  1443  1489  
1522  1439  1456  1515  1555  1495  1470  1471  1489  1506  1491  1497  1628  1563  1485  1460  1486  1457  1450  1449  
