1.19929
1518  1589  1524  1402  1495  1508  1522  1456  1513  1447  1487  1543  1519  1444  1489  1482  1537  1522  1377  1457  
1511  1483  1498  1605  1553  1484  1461  1518  1495  1520  1527  1464  1476  1589  1451  1549  1442  1476  1442  1584  
1385  1521  1397  1546  1486  1459  1507  1533  1497  1439  1485  1499  1486  1472  1491  1489  1578  1457  1475  1553  
1469  1510  1534  1513  1527  1497  1527  1472  1485  1553  1519  1451  1481  1478  1547  1483  1461  1554  1467  1457  
1457  1543  1588  1603  1492  1513  1551  1451  1498  1428  1434  1517  1588  1518  1480  1529  1417  1465  1532  1477  
1478  1496  1524  1514  1480  1514  1471  1460  1480  1483  1452  1539  1505  1597  1508  1513  1449  1514  1519  1435  
1432  1522  1552  1491  1423  1499  1583  1517  1495  1469  1551  1535  1441  1485  1492  1503  1551  1471  1437  1557  
1506  1452  1527  1488  1452  1494  1476  1474  1547  1562  1428  1492  1538  1540  1515  1470  1427  1486  1499  1525  
1560  1454  1449  1543  1458  1549  1542  1546  1517  1515  1548  1544  1566  1471  1581  1581  1465  1539  1495  1486  
1553  1506  1458  1557  1496  1486  1551  1539  1468  1561  1449  1460  1497  1478  1479  1452  1520  1476  1470  1511  
1577  1544  1537  1466  1493  1535  1490  1508  1500  1466  1459  1556  1536  1474  1489  1481  1490  1473  1450  1485  
1493  1543  1470  1431  1561  1512  1465  1532  1525  1458  1486  1500  1556  1481  1474  1459  1520  1569  1523  1527  
1522  1483  1498  1455  1444  1510  1491  1515  1481  1495  1537  1485  1437  1483  1540  1449  1504  1521  1509  1543  
1532  1499  1530  1498  1538  1495  1532  1439  1478  1604  1481  1527  1503  1412  1512  1479  1545  1558  1450  1509  
1479  1500  1552  1524  1440  1533  1524  1428  1506  1497  1460  1444  1479  1546  1506  1415  1517  1476  1463  1532  
1579  1489  1539  1469  1501  1545  1455  1503  1430  1477  1483  1499  1402  1470  1527  1495  1512  1572  1548  1572  
1510  1539  1532  1509  1525  1546  1442  1461  1507  1523  1519  1497  1569  1454  1547  1565  1543  1454  1572  1472  
1474  1519  1435  1506  1559  1496  1541  1509  1508  1605  1529  1456  1434  1463  1475  1571  1488  1520  1481  1551  
1509  1484  1520  1522  1439  1491  1544  1502  1535  1523  1507  1480  1471  1496  1481  1525  1451  1440  1526  1479  
1579  1442  1456  1612  1449  1536  1530  1509  1518  1604  1472  1534  1447  1527  1487  1517  1565  1448  1475  1436  
