1.19901
1474  1507  1491  1496  1531  1487  1430  1440  1505  1540  1485  1495  1541  1434  1534  1564  1513  1580  1531  1410  
1445  1507  1558  1460  1560  1457  1529  1460  1470  1488  1478  1506  1505  1491  1487  1522  1520  1497  1489  1503  
1518  1497  1541  1444  1511  1440  1454  1461  1450  1500  1598  1510  1525  1529  1492  1549  1397  1524  1503  1554  
1493  1491  1458  1511  1582  1485  1479  1482  1488  1489  1515  1510  1458  1556  1564  1530  1453  1530  1496  1485  
1528  1527  1434  1405  1453  1570  1467  1551  1554  1526  1529  1505  1484  1451  1485  1501  1574  1457  1462  1596  
1508  1535  1487  1480  1480  1542  1494  1474  1519  1559  1491  1526  1442  1539  1518  1463  1443  1521  1502  1497  
1529  1556  1499  1458  1448  1509  1486  1432  1497  1439  1507  1486  1468  1416  1479  1554  1495  1483  1452  1451  
1524  1527  1430  1500  1463  1472  1463  1486  1523  1587  1489  1511  1507  1568  1521  1482  1567  1440  1514  1471  
1417  1458  1532  1411  1520  1474  1524  1461  1502  1435  1501  1536  1549  1489  1538  1527  1503  1525  1508  1521  
1503  1486  1393  1457  1512  1528  1524  1523  1548  1449  1489  1507  1492  1459  1529  1517  1556  1518  1526  1508  
1481  1453  1628  1480  1545  1442  1451  1477  1472  1507  1519  1491  1443  1487  1439  1480  1538  1453  1474  1456  
1574  1457  1535  1514  1472  1482  1426  1405  1506  1493  1469  1479  1496  1521  1511  1519  1527  1557  1524  1453  
1517  1516  1457  1411  1468  1537  1549  1517  1480  1398  1505  1517  1491  1511  1559  1473  1539  1442  1476  1502  
1497  1559  1515  1499  1544  1514  1525  1544  1534  1472  1516  1407  1493  1450  1538  1537  1527  1435  1467  1504  
1497  1529  1546  1514  1491  1483  1522  1503  1579  1456  1542  1529  1491  1499  1488  1424  1490  1497  1480  1452  
1528  1512  1552  1524  1511  1546  1492  1475  1469  1511  1474  1549  1528  1533  1466  1528  1508  1457  1444  1501  
1447  1568  1494  1464  1503  1471  1530  1524  1535  1508  1452  1471  1429  1465  1524  1510  1489  1447  1522  1527  
1404  1504  1585  1525  1589  1481  1477  1507  1613  1521  1492  1384  1477  1471  1478  1476  1448  1445  1527  1498  
1504  1485  1516  1522  1553  1522  1524  1518  1452  1500  1482  1570  1566  1478  1514  1441  1531  1411  1544  1507  
1513  1506  1445  1468  1538  1482  1456  1533  1484  1508  1437  1465  1520  1535  1582  1458  1462  1536  1496  1517  
