1.04989
1366  1266  1238  1277  1334  1313  1346  1322  1288  1284  1351  1346  1326  1362  1350  1357  1286  1303  1335  1327  
1310  1278  1327  1306  1368  1338  1298  1403  1225  1367  1301  1326  1320  1317  1344  1364  1268  1294  1304  1288  
1246  1323  1256  1312  1351  1233  1343  1327  1402  1297  1327  1352  1303  1389  1332  1344  1257  1341  1322  1308  
1318  1311  1355  1268  1240  1322  1269  1361  1289  1292  1252  1271  1291  1346  1233  1349  1312  1297  1364  1270  
1312  1241  1296  1378  1321  1282  1321  1257  1332  1345  1263  1312  1281  1329  1322  1323  1218  1311  1328  1297  
1271  1232  1288  1276  1264  1316  1344  1258  1363  1309  1290  1312  1282  1331  1183  1289  1272  1274  1324  1317  
1305  1265  1316  1368  1341  1362  1376  1337  1269  1240  1294  1325  1274  1276  1362  1300  1403  1317  1256  1357  
1335  1358  1301  1319  1213  1324  1353  1283  1300  1312  1295  1272  1333  1320  1242  1368  1293  1308  1322  1313  
1290  1295  1289  1304  1240  1301  1352  1359  1385  1256  1291  1345  1328  1282  1291  1343  1358  1333  1315  1258  
1339  1400  1375  1313  1358  1321  1283  1333  1307  1310  1297  1325  1264  1360  1383  1309  1277  1335  1254  1286  
1416  1286  1321  1367  1322  1342  1371  1329  1355  1325  1228  1274  1273  1282  1291  1332  1331  1391  1359  1338  
1230  1314  1386  1276  1355  1317  1307  1208  1362  1258  1293  1294  1258  1348  1369  1297  1352  1367  1357  1344  
1253  1265  1413  1305  1273  1291  1347  1354  1245  1416  1250  1412  1339  1317  1364  1331  1311  1350  1347  1401  
1277  1337  1316  1261  1305  1366  1363  1286  1242  1278  1319  1309  1332  1361  1297  1281  1306  1368  1301  1345  
1363  1321  1293  1392  1273  1326  1319  1274  1274  1239  1360  1379  1291  1292  1271  1301  1321  1348  1335  1383  
1317  1306  1270  1327  1316  1319  1251  1253  1335  1268  1364  1292  1369  1287  1289  1293  1280  1348  1282  1277  
1298  1268  1314  1319  1322  1274  1305  1259  1352  1292  1284  1269  1261  1280  1294  1360  1236  1334  1228  1350  
1284  1289  1338  1279  1250  1330  1278  1246  1295  1314  1293  1315  1299  1284  1286  1305  1324  1326  1423  1285  
1314  1354  1326  1307  1286  1277  1375  1293  1346  1322  1400  1393  1308  1284  1367  1347  1368  1302  1278  1318  
1265  1365  1392  1278  1336  1272  1318  1315  1311  1321  1343  1355  1231  1360  1297  1241  1327  1311  1261  1369  
