1.2002
1514  1542  1488  1442  1499  1514  1550  1509  1535  1484  1390  1460  1533  1534  1548  1536  1453  1529  1551  1455  
1471  1449  1471  1550  1509  1531  1482  1504  1470  1603  1483  1552  1564  1504  1537  1526  1551  1517  1471  1524  
1428  1488  1519  1498  1548  1350  1542  1569  1582  1497  1568  1564  1577  1473  1547  1501  1462  1532  1530  1485  
1504  1491  1506  1509  1451  1497  1477  1587  1435  1518  1434  1502  1527  1527  1477  1431  1516  1452  1524  1562  
1456  1454  1479  1481  1425  1464  1527  1490  1579  1575  1501  1487  1498  1522  1471  1503  1482  1483  1514  1537  
1477  1635  1502  1496  1517  1470  1491  1520  1509  1424  1553  1442  1490  1559  1486  1506  1545  1493  1501  1496  
1495  1501  1479  1470  1484  1578  1457  1468  1478  1506  1466  1454  1483  1528  1519  1510  1544  1423  1518  1472  
1502  1500  1526  1519  1454  1481  1472  1557  1503  1517  1482  1505  1503  1424  1485  1476  1581  1411  1544  1566  
1425  1478  1467  1411  1447  1524  1451  1518  1518  1466  1530  1474  1516  1519  1554  1502  1512  1514  1458  1566  
1438  1492  1452  1459  1464  1429  1461  1485  1552  1528  1507  1516  1531  1513  1505  1576  1445  1531  1475  1502  
1439  1595  1509  1553  1515  1515  1490  1451  1427  1470  1502  1489  1510  1505  1523  1552  1502  1487  1414  1445  
1554  1525  1519  1461  1514  1513  1532  1481  1511  1493  1565  1472  1433  1561  1514  1503  1496  1502  1444  1441  
1493  1468  1549  1614  1527  1504  1481  1540  1488  1467  1498  1567  1462  1534  1480  1534  1497  1493  1518  1521  
1567  1530  1489  1545  1531  1533  1481  1565  1529  1466  1470  1482  1556  1439  1519  1555  1477  1430  1478  1483  
1443  1534  1461  1454  1462  1435  1471  1526  1486  1524  1491  1516  1427  1564  1521  1560  1481  1560  1477  1478  
1521  1512  1481  1562  1495  1555  1535  1498  1481  1491  1525  1565  1511  1548  1509  1529  1465  1510  1496  1488  
1470  1491  1488  1515  1503  1553  1513  1501  1491  1499  1520  1504  1489  1582  1461  1421  1466  1540  1431  1448  
1480  1540  1510  1542  1513  1498  1582  1544  1450  1556  1515  1545  1446  1505  1458  1452  1539  1492  1456  1523  
1505  1521  1567  1476  1627  1421  1542  1490  1473  1452  1522  1473  1494  1520  1584  1495  1549  1463  1423  1476  
1522  1543  1513  1593  1522  1515  1456  1438  1486  1443  1516  1486  1405  1523  1421  1502  1495  1509  1465  1413  
