1.18405
1412  1525  1565  1420  1570  1498  1494  1508  1453  1464  1506  1476  1409  1454  1548  1487  1486  1479  1507  1479  
1444  1447  1444  1498  1474  1450  1478  1503  1480  1523  1473  1498  1522  1519  1512  1417  1501  1523  1436  1475  
1453  1464  1374  1521  1505  1509  1488  1471  1486  1487  1531  1429  1528  1470  1509  1464  1475  1473  1547  1398  
1482  1556  1437  1517  1403  1536  1416  1492  1473  1446  1430  1478  1499  1466  1452  1501  1506  1533  1531  1486  
1463  1464  1461  1489  1505  1494  1530  1458  1473  1569  1534  1494  1518  1516  1508  1432  1535  1449  1490  1453  
1513  1431  1438  1565  1502  1494  1471  1461  1413  1493  1444  1501  1460  1537  1475  1492  1515  1603  1480  1491  
1408  1402  1481  1443  1544  1516  1498  1495  1543  1526  1536  1537  1539  1509  1493  1436  1415  1481  1476  1523  
1462  1490  1476  1482  1429  1437  1528  1453  1534  1549  1495  1522  1425  1541  1445  1450  1419  1522  1445  1491  
1510  1430  1471  1436  1450  1532  1470  1480  1484  1466  1466  1481  1386  1440  1435  1500  1515  1497  1484  1465  
1566  1548  1498  1399  1493  1430  1463  1500  1480  1417  1458  1468  1470  1484  1496  1451  1514  1526  1491  1453  
1439  1517  1504  1492  1493  1473  1482  1469  1499  1524  1423  1457  1427  1535  1439  1531  1495  1508  1492  1513  
1439  1531  1464  1425  1455  1510  1487  1474  1485  1401  1453  1485  1424  1534  1459  1462  1541  1449  1477  1459  
1436  1437  1499  1541  1525  1478  1478  1448  1476  1509  1473  1484  1526  1484  1459  1407  1526  1383  1496  1491  
1518  1494  1444  1520  1440  1503  1526  1545  1383  1539  1455  1545  1602  1489  1466  1439  1460  1507  1498  1547  
1446  1399  1542  1530  1528  1464  1521  1455  1566  1374  1511  1522  1501  1454  1520  1526  1456  1541  1493  1476  
1398  1466  1466  1485  1477  1496  1440  1575  1494  1439  1475  1536  1449  1539  1473  1502  1446  1546  1496  1474  
1461  1541  1453  1441  1439  1450  1489  1477  1501  1458  1473  1548  1509  1483  1479  1514  1498  1455  1468  1424  
1570  1531  1436  1559  1547  1551  1523  1457  1538  1553  1513  1455  1505  1464  1478  1450  1574  1489  1484  1474  
1468  1494  1468  1445  1523  1447  1522  1517  1454  1421  1465  1494  1499  1447  1504  1512  1431  1583  1509  1477  
1501  1419  1469  1527  1526  1449  1504  1483  1384  1570  1509  1481  1538  1453  1475  1515  1493  1372  1484  1451  
