1.15176
1454  1429  1433  1458  1482  1453  1411  1486  1483  1478  1394  1509  1398  1459  1476  1422  1547  1514  1444  1538  
1466  1389  1458  1408  1445  1463  1472  1392  1493  1545  1440  1380  1396  1461  1497  1415  1521  1416  1469  1540  
1448  1409  1447  1417  1489  1511  1539  1437  1426  1422  1407  1447  1416  1447  1444  1459  1402  1381  1465  1496  
1529  1472  1459  1485  1446  1512  1441  1473  1539  1559  1369  1421  1460  1408  1392  1444  1396  1484  1440  1532  
1371  1417  1490  1455  1409  1443  1477  1447  1470  1455  1445  1503  1378  1428  1524  1549  1386  1493  1533  1432  
1498  1431  1439  1465  1438  1522  1438  1431  1519  1500  1417  1477  1449  1437  1516  1365  1454  1459  1444  1504  
1423  1398  1465  1458  1467  1368  1392  1443  1396  1469  1518  1530  1555  1505  1445  1452  1495  1372  1396  1460  
1488  1462  1447  1450  1431  1497  1400  1482  1487  1404  1356  1466  1424  1419  1415  1482  1384  1386  1445  1418  
1394  1516  1427  1490  1517  1445  1438  1383  1458  1363  1440  1429  1417  1424  1427  1416  1392  1376  1467  1450  
1490  1444  1447  1495  1479  1474  1472  1511  1479  1489  1441  1466  1417  1457  1454  1509  1504  1492  1506  1353  
1367  1422  1422  1518  1442  1504  1464  1395  1444  1498  1431  1499  1420  1442  1483  1439  1456  1512  1453  1502  
1497  1496  1473  1462  1396  1513  1472  1504  1499  1463  1444  1416  1516  1514  1449  1462  1476  1485  1477  1507  
1429  1462  1501  1429  1447  1510  1425  1453  1497  1448  1343  1427  1441  1431  1514  1423  1482  1421  1412  1478  
1438  1453  1448  1446  1431  1432  1447  1419  1410  1463  1438  1436  1411  1443  1473  1462  1437  1415  1494  1404  
1478  1393  1491  1549  1417  1520  1445  1472  1457  1467  1463  1404  1513  1471  1531  1449  1477  1508  1460  1371  
1505  1471  1479  1513  1433  1407  1448  1474  1491  1443  1448  1502  1444  1463  1451  1436  1520  1481  1454  1415  
1485  1361  1407  1399  1438  1433  1447  1518  1469  1428  1504  1507  1557  1525  1408  1572  1433  1452  1407  1502  
1489  1412  1511  1437  1506  1427  1509  1460  1398  1475  1453  1477  1440  1486  1470  1379  1448  1411  1467  1448  
1525  1457  1475  1395  1438  1363  1375  1471  1458  1478  1439  1458  1393  1482  1549  1459  1495  1463  1457  1365  
1385  1481  1369  1479  1597  1399  1453  1483  1487  1470  1496  1466  1479  1496  1518  1449  1531  1468  1389  1438  
