1.2011
1440  1467  1488  1510  1495  1548  1522  1545  1556  1591  1504  1477  1414  1474  1521  1507  1538  1451  1515  1527  
1501  1532  1513  1426  1438  1536  1503  1375  1504  1571  1525  1505  1465  1493  1428  1491  1542  1434  1600  1563  
1549  1526  1465  1496  1549  1508  1562  1478  1499  1522  1561  1433  1523  1524  1448  1570  1539  1462  1499  1570  
1522  1414  1489  1558  1463  1503  1469  1458  1436  1409  1516  1477  1481  1464  1580  1549  1588  1522  1443  1521  
1507  1584  1470  1526  1510  1525  1520  1526  1443  1479  1403  1471  1615  1414  1529  1520  1566  1490  1518  1501  
1500  1510  1454  1482  1559  1555  1600  1524  1475  1487  1506  1488  1515  1531  1487  1456  1490  1411  1436  1529  
1532  1462  1483  1529  1529  1515  1513  1425  1562  1567  1516  1591  1564  1513  1553  1521  1525  1540  1495  1530  
1457  1478  1488  1431  1499  1561  1490  1409  1471  1467  1452  1530  1513  1487  1461  1502  1467  1545  1504  1490  
1521  1457  1502  1480  1526  1490  1476  1394  1502  1483  1468  1438  1500  1563  1492  1510  1394  1542  1515  1505  
1475  1493  1478  1529  1540  1479  1456  1512  1472  1468  1467  1494  1535  1522  1559  1474  1487  1531  1507  1517  
1584  1484  1468  1520  1433  1513  1531  1528  1438  1423  1549  1471  1484  1472  1516  1478  1452  1585  1519  1586  
1519  1524  1443  1481  1481  1494  1484  1410  1504  1459  1448  1561  1411  1500  1458  1481  1537  1571  1515  1517  
1500  1569  1583  1479  1472  1536  1460  1574  1498  1487  1484  1474  1458  1495  1573  1531  1445  1455  1536  1503  
1498  1454  1473  1470  1505  1545  1440  1483  1487  1435  1581  1555  1549  1444  1546  1450  1587  1540  1522  1415  
1626  1474  1504  1642  1561  1504  1496  1502  1507  1503  1468  1484  1460  1533  1499  1463  1468  1536  1552  1511  
1505  1573  1539  1435  1513  1503  1422  1507  1514  1504  1524  1494  1433  1423  1506  1517  1479  1490  1540  1467  
1543  1515  1531  1534  1466  1566  1545  1511  1511  1425  1518  1468  1519  1472  1539  1471  1499  1495  1466  1479  
1503  1566  1546  1568  1446  1523  1523  1402  1538  1458  1494  1523  1409  1534  1455  1560  1500  1523  1535  1559  
1574  1537  1471  1465  1542  1494  1502  1503  1556  1532  1475  1450  1427  1498  1502  1496  1524  1485  1464  1450  
1508  1554  1529  1501  1485  1605  1536  1470  1473  1504  1477  1439  1566  1419  1509  1539  1495  1444  1428  1518  
