1.19982
1512  1506  1450  1480  1492  1588  1547  1524  1449  1454  1482  1444  1447  1503  1607  1520  1483  1531  1491  1555  
1590  1514  1498  1485  1413  1484  1501  1567  1462  1580  1450  1485  1537  1470  1605  1536  1512  1574  1519  1454  
1479  1483  1549  1587  1540  1422  1566  1540  1498  1528  1476  1476  1562  1542  1433  1516  1461  1483  1476  1558  
1486  1452  1594  1497  1498  1539  1498  1526  1514  1527  1496  1502  1473  1450  1444  1443  1554  1469  1461  1554  
1475  1542  1454  1483  1417  1509  1528  1521  1473  1530  1536  1499  1503  1447  1577  1475  1552  1529  1476  1547  
1427  1446  1524  1451  1561  1476  1486  1483  1546  1576  1469  1518  1501  1529  1485  1546  1489  1570  1512  1486  
1460  1464  1473  1472  1487  1465  1483  1502  1521  1445  1435  1521  1525  1515  1478  1496  1470  1451  1478  1494  
1425  1451  1482  1532  1450  1542  1542  1439  1494  1539  1500  1552  1565  1421  1523  1499  1515  1515  1489  1466  
1494  1449  1502  1411  1442  1507  1471  1498  1492  1455  1472  1532  1506  1412  1561  1506  1606  1479  1413  1530  
1525  1582  1528  1535  1505  1493  1510  1455  1542  1488  1480  1488  1497  1479  1531  1468  1457  1462  1465  1510  
1482  1524  1534  1521  1478  1457  1423  1533  1502  1510  1532  1512  1484  1529  1500  1501  1487  1514  1432  1497  
1536  1457  1448  1477  1594  1505  1460  1437  1546  1588  1499  1429  1485  1525  1495  1537  1484  1535  1525  1501  
1439  1408  1553  1559  1536  1484  1536  1515  1468  1502  1509  1512  1548  1462  1515  1507  1474  1440  1524  1540  
1515  1469  1512  1573  1622  1460  1461  1536  1458  1505  1500  1499  1539  1532  1524  1467  1467  1543  1515  1511  
1522  1531  1546  1487  1465  1530  1519  1545  1496  1463  1562  1568  1439  1500  1520  1473  1485  1490  1504  1480  
1501  1577  1468  1453  1547  1523  1463  1481  1567  1502  1553  1421  1504  1442  1401  1519  1477  1474  1442  1414  
1542  1543  1459  1535  1519  1473  1525  1514  1502  1503  1580  1488  1496  1523  1524  1456  1490  1531  1495  1428  
1486  1499  1498  1530  1611  1475  1498  1515  1484  1548  1527  1475  1553  1452  1525  1555  1536  1491  1568  1520  
1436  1542  1479  1470  1543  1548  1518  1433  1506  1503  1483  1578  1468  1451  1509  1433  1494  1438  1427  1470  
1539  1486  1511  1480  1485  1512  1501  1513  1481  1509  1483  1509  1503  1427  1425  1492  1540  1526  1449  1508  
