1.20031
1504  1505  1501  1533  1474  1491  1533  1490  1492  1511  1529  1453  1581  1425  1541  1559  1458  1513  1475  1507  
1526  1497  1503  1553  1455  1495  1540  1500  1481  1569  1637  1553  1563  1479  1466  1539  1590  1505  1445  1511  
1423  1522  1514  1544  1521  1512  1534  1462  1471  1530  1504  1544  1421  1519  1505  1470  1441  1517  1486  1497  
1501  1537  1499  1505  1493  1502  1468  1569  1416  1468  1523  1514  1491  1507  1557  1469  1546  1454  1492  1429  
1502  1556  1512  1513  1509  1474  1512  1535  1559  1539  1490  1507  1458  1528  1500  1506  1495  1524  1531  1499  
1496  1516  1550  1456  1562  1548  1483  1470  1590  1488  1517  1583  1565  1506  1439  1456  1501  1531  1490  1473  
1472  1481  1532  1526  1467  1516  1486  1475  1551  1561  1539  1491  1567  1460  1502  1516  1543  1510  1472  1483  
1522  1494  1446  1520  1467  1476  1513  1526  1491  1497  1575  1520  1543  1511  1559  1505  1495  1540  1394  1488  
1405  1564  1519  1474  1508  1534  1523  1513  1537  1503  1515  1548  1482  1505  1520  1493  1525  1510  1451  1507  
1448  1595  1507  1518  1539  1464  1558  1498  1441  1448  1473  1456  1416  1444  1465  1493  1481  1563  1502  1544  
1531  1535  1428  1468  1452  1505  1443  1457  1569  1566  1514  1516  1489  1457  1434  1565  1568  1519  1537  1424  
1549  1490  1472  1421  1542  1500  1483  1476  1461  1480  1497  1541  1484  1481  1572  1511  1525  1535  1504  1499  
1549  1504  1514  1626  1391  1413  1588  1487  1506  1444  1533  1472  1495  1425  1469  1472  1589  1516  1560  1513  
1503  1468  1501  1554  1458  1488  1548  1502  1546  1534  1489  1475  1502  1540  1506  1460  1443  1450  1482  1502  
1475  1540  1488  1560  1482  1524  1490  1540  1553  1450  1468  1478  1536  1480  1525  1501  1504  1633  1539  1575  
1443  1532  1408  1505  1459  1461  1481  1534  1458  1436  1511  1454  1501  1481  1549  1487  1516  1485  1482  1375  
1526  1482  1420  1433  1549  1472  1476  1518  1477  1478  1467  1530  1499  1577  1544  1508  1391  1561  1483  1533  
1546  1551  1530  1464  1567  1483  1493  1567  1431  1487  1428  1528  1507  1519  1482  1478  1489  1493  1510  1513  
1480  1508  1467  1497  1431  1466  1493  1468  1495  1509  1428  1558  1498  1413  1489  1504  1572  1480  1490  1506  
1586  1514  1430  1553  1439  1485  1482  1482  1445  1490  1506  1502  1483  1565  1512  1476  1473  1506  1450  1434  
