1.19987
1461  1488  1489  1599  1515  1493  1484  1450  1450  1490  1494  1443  1513  1530  1545  1526  1485  1418  1547  1540  
1595  1552  1449  1562  1483  1497  1480  1466  1497  1474  1573  1625  1534  1546  1512  1445  1557  1555  1424  1492  
1481  1503  1514  1544  1485  1400  1442  1477  1485  1507  1459  1575  1438  1465  1622  1527  1496  1415  1398  1521  
1529  1503  1556  1500  1524  1505  1502  1575  1504  1527  1514  1517  1526  1503  1483  1440  1537  1471  1519  1477  
1517  1548  1481  1506  1515  1481  1524  1550  1610  1532  1524  1583  1547  1497  1520  1509  1565  1425  1530  1472  
1474  1545  1464  1503  1507  1438  1533  1510  1583  1491  1534  1501  1527  1617  1497  1522  1502  1474  1428  1524  
1518  1555  1480  1466  1440  1532  1531  1557  1502  1433  1506  1490  1483  1489  1450  1470  1523  1432  1555  1488  
1467  1438  1570  1525  1509  1497  1445  1435  1496  1512  1525  1504  1515  1512  1470  1520  1438  1514  1471  1466  
1476  1545  1523  1525  1553  1569  1477  1524  1489  1469  1417  1487  1508  1554  1500  1546  1490  1444  1538  1548  
1491  1487  1528  1571  1418  1498  1568  1503  1461  1523  1540  1582  1454  1475  1561  1488  1457  1407  1465  1472  
1448  1536  1494  1464  1464  1428  1480  1437  1484  1534  1525  1492  1450  1426  1521  1518  1599  1513  1534  1501  
1520  1534  1511  1486  1449  1524  1537  1461  1529  1477  1514  1515  1513  1554  1537  1576  1453  1552  1538  1506  
1497  1566  1555  1486  1447  1557  1566  1502  1487  1512  1560  1528  1485  1395  1606  1527  1535  1465  1524  1485  
1470  1521  1452  1479  1505  1459  1483  1563  1471  1471  1511  1518  1436  1508  1442  1486  1534  1526  1524  1477  
1455  1427  1540  1524  1548  1489  1463  1537  1565  1422  1482  1472  1522  1490  1553  1474  1456  1469  1528  1455  
1471  1527  1451  1531  1444  1430  1462  1563  1517  1561  1572  1531  1494  1508  1459  1450  1536  1485  1461  1429  
1503  1560  1568  1417  1461  1519  1463  1490  1455  1457  1460  1533  1468  1401  1520  1515  1466  1480  1459  1508  
1558  1443  1522  1518  1428  1461  1387  1512  1511  1506  1446  1533  1533  1449  1537  1433  1421  1479  1521  1482  
1476  1467  1465  1555  1500  1512  1503  1542  1498  1468  1509  1505  1529  1500  1441  1515  1510  1534  1432  1445  
1494  1522  1523  1507  1493  1447  1426  1540  1504  1556  1490  1467  1523  1498  1503  1515  1549  1567  1477  1527  
