1.20035
1501  1556  1499  1539  1482  1452  1482  1495  1490  1459  1514  1523  1450  1474  1486  1458  1429  1526  1474  1525  
1523  1508  1534  1509  1513  1613  1479  1505  1514  1558  1514  1502  1593  1433  1464  1492  1509  1568  1456  1584  
1595  1463  1504  1494  1518  1504  1505  1502  1508  1450  1504  1385  1562  1588  1442  1430  1494  1481  1469  1538  
1433  1427  1532  1576  1497  1489  1456  1431  1471  1431  1439  1504  1484  1529  1501  1576  1557  1438  1517  1555  
1457  1427  1489  1536  1497  1510  1468  1443  1438  1439  1506  1540  1525  1528  1477  1534  1509  1454  1463  1483  
1486  1534  1484  1531  1457  1473  1475  1527  1479  1456  1544  1461  1481  1500  1469  1524  1486  1535  1473  1473  
1498  1547  1497  1483  1539  1500  1465  1442  1481  1534  1532  1487  1459  1582  1548  1455  1546  1555  1547  1450  
1420  1477  1480  1509  1459  1524  1410  1527  1424  1518  1484  1518  1472  1543  1562  1452  1461  1469  1549  1468  
1600  1527  1500  1484  1472  1429  1504  1472  1508  1509  1467  1484  1427  1552  1439  1507  1497  1534  1517  1518  
1516  1556  1478  1516  1501  1484  1531  1430  1557  1449  1500  1540  1458  1418  1486  1476  1470  1489  1563  1485  
1517  1493  1523  1564  1470  1460  1605  1515  1556  1457  1465  1557  1482  1585  1488  1518  1546  1505  1498  1445  
1542  1457  1559  1555  1469  1492  1465  1592  1521  1483  1525  1513  1502  1524  1510  1464  1476  1595  1485  1436  
1536  1434  1475  1465  1585  1507  1479  1563  1559  1485  1424  1492  1467  1541  1528  1462  1484  1474  1442  1460  
1583  1524  1480  1491  1548  1474  1518  1512  1558  1509  1439  1494  1486  1476  1553  1517  1555  1448  1540  1501  
1420  1506  1580  1592  1469  1499  1489  1500  1443  1509  1544  1527  1505  1478  1524  1491  1577  1527  1449  1465  
1546  1556  1581  1501  1516  1472  1437  1427  1427  1477  1501  1635  1545  1423  1482  1532  1514  1452  1514  1502  
1497  1507  1550  1546  1529  1572  1430  1438  1542  1453  1521  1479  1478  1529  1548  1460  1500  1488  1549  1411  
1542  1517  1493  1452  1546  1585  1455  1525  1542  1432  1469  1488  1528  1563  1427  1439  1471  1414  1526  1605  
1497  1532  1519  1584  1511  1548  1547  1472  1448  1436  1560  1519  1464  1491  1533  1484  1569  1460  1549  1479  
1565  1529  1473  1452  1509  1525  1561  1575  1487  1542  1432  1574  1425  1447  1482  1539  1495  1439  1455  1537  
