1.19956
1500  1631  1527  1509  1400  1548  1533  1482  1498  1552  1496  1429  1487  1460  1513  1505  1500  1558  1450  1525  
1431  1482  1542  1528  1530  1516  1527  1518  1529  1414  1508  1501  1558  1519  1521  1470  1442  1542  1528  1444  
1453  1540  1500  1518  1451  1406  1457  1536  1507  1473  1535  1515  1491  1432  1477  1515  1528  1519  1434  1507  
1457  1522  1525  1530  1480  1552  1482  1455  1545  1538  1526  1443  1510  1408  1439  1453  1400  1445  1461  1511  
1613  1540  1592  1515  1525  1432  1514  1553  1456  1501  1526  1533  1511  1463  1440  1448  1442  1458  1505  1484  
1473  1520  1530  1505  1535  1526  1448  1496  1499  1510  1431  1428  1496  1494  1461  1517  1476  1502  1438  1532  
1575  1501  1517  1538  1527  1453  1554  1526  1494  1504  1431  1436  1495  1612  1491  1432  1515  1520  1449  1534  
1438  1466  1559  1507  1542  1497  1465  1503  1567  1503  1476  1486  1466  1474  1491  1574  1528  1567  1591  1489  
1469  1433  1464  1451  1555  1557  1450  1423  1479  1507  1470  1562  1437  1534  1395  1485  1469  1460  1471  1540  
1536  1467  1485  1516  1438  1512  1533  1437  1578  1496  1518  1524  1531  1480  1511  1472  1613  1416  1485  1493  
1529  1524  1444  1480  1485  1489  1512  1584  1467  1549  1554  1530  1523  1509  1501  1451  1448  1530  1508  1480  
1486  1521  1571  1452  1554  1454  1538  1554  1549  1505  1447  1512  1415  1509  1440  1447  1546  1450  1499  1459  
1544  1476  1540  1489  1518  1520  1636  1517  1423  1557  1476  1551  1473  1468  1483  1457  1518  1547  1556  1495  
1553  1547  1556  1510  1507  1550  1502  1448  1513  1512  1489  1549  1435  1491  1501  1522  1499  1460  1549  1481  
1468  1585  1542  1558  1492  1490  1499  1496  1554  1466  1400  1482  1451  1459  1465  1458  1494  1531  1554  1558  
1520  1427  1543  1487  1500  1473  1470  1455  1516  1511  1449  1491  1483  1490  1448  1473  1408  1532  1459  1444  
1493  1462  1594  1496  1506  1500  1385  1471  1509  1548  1530  1514  1541  1577  1447  1527  1481  1465  1472  1431  
1494  1445  1443  1490  1510  1479  1497  1444  1503  1559  1449  1580  1497  1467  1486  1419  1495  1512  1466  1512  
1414  1481  1497  1531  1511  1486  1513  1477  1488  1610  1475  1552  1553  1549  1487  1477  1577  1460  1499  1431  
1520  1455  1510  1510  1526  1446  1511  1496  1563  1474  1534  1493  1478  1401  1490  1480  1526  1621  1547  1592  
