1.19998
1506  1481  1525  1443  1561  1517  1555  1574  1563  1537  1472  1560  1487  1462  1471  1493  1532  1540  1486  1504  
1504  1457  1547  1484  1453  1562  1578  1609  1464  1511  1559  1558  1427  1500  1583  1465  1468  1560  1539  1480  
1554  1563  1445  1461  1497  1501  1527  1518  1475  1468  1431  1533  1514  1456  1502  1468  1525  1518  1495  1435  
1551  1543  1422  1505  1576  1497  1510  1475  1553  1464  1454  1542  1424  1500  1475  1493  1532  1537  1554  1482  
1506  1486  1489  1490  1440  1465  1504  1498  1518  1546  1538  1483  1453  1439  1515  1537  1472  1468  1454  1479  
1445  1496  1507  1533  1503  1511  1464  1427  1542  1462  1528  1488  1535  1495  1582  1493  1477  1507  1548  1477  
1499  1529  1544  1486  1531  1503  1449  1535  1491  1591  1431  1511  1556  1479  1457  1536  1489  1612  1464  1489  
1558  1515  1412  1485  1393  1495  1512  1500  1453  1431  1509  1438  1462  1475  1514  1453  1424  1566  1539  1441  
1480  1502  1539  1523  1554  1491  1489  1512  1484  1473  1497  1425  1500  1495  1452  1444  1591  1512  1507  1474  
1443  1490  1545  1511  1471  1462  1572  1490  1490  1522  1507  1488  1426  1482  1492  1497  1472  1503  1478  1524  
1507  1472  1468  1442  1491  1542  1500  1519  1572  1478  1549  1558  1521  1466  1437  1501  1465  1440  1470  1509  
1497  1513  1496  1518  1509  1534  1500  1491  1459  1536  1561  1470  1581  1478  1479  1533  1512  1453  1551  1462  
1489  1556  1484  1491  1474  1475  1443  1490  1455  1525  1495  1536  1506  1501  1421  1489  1469  1429  1475  1435  
1560  1484  1556  1450  1542  1547  1502  1604  1512  1466  1505  1524  1461  1462  1419  1477  1463  1554  1418  1491  
1579  1434  1498  1478  1558  1482  1485  1453  1483  1477  1523  1545  1551  1493  1564  1451  1497  1437  1432  1503  
1500  1489  1477  1513  1564  1544  1533  1448  1530  1490  1474  1451  1539  1540  1508  1547  1484  1512  1467  1515  
1483  1462  1519  1567  1539  1458  1504  1490  1488  1521  1519  1540  1513  1511  1428  1517  1464  1534  1443  1458  
1507  1520  1529  1554  1547  1532  1551  1432  1553  1559  1485  1595  1572  1442  1521  1467  1489  1529  1508  1427  
1580  1522  1486  1521  1487  1507  1582  1496  1545  1511  1556  1546  1519  1477  1507  1557  1503  1428  1578  1497  
1503  1531  1408  1491  1549  1505  1511  1515  1506  1408  1505  1519  1506  1512  1500  1521  1493  1447  1555  1487  
