1.20121
1492  1490  1445  1531  1559  1487  1512  1492  1469  1491  1459  1518  1488  1540  1579  1607  1548  1493  1552  1458  
1543  1451  1469  1516  1521  1534  1565  1459  1522  1543  1492  1494  1466  1503  1539  1585  1470  1422  1503  1537  
1445  1515  1570  1514  1471  1458  1524  1444  1536  1488  1428  1515  1596  1585  1389  1515  1516  1534  1462  1492  
1553  1555  1382  1535  1450  1524  1547  1588  1457  1495  1446  1515  1548  1477  1457  1525  1436  1481  1501  1465  
1497  1544  1534  1584  1558  1556  1596  1541  1535  1480  1505  1525  1501  1497  1490  1495  1474  1511  1511  1544  
1552  1508  1407  1481  1489  1472  1476  1549  1437  1458  1574  1511  1503  1569  1500  1487  1429  1501  1517  1571  
1490  1524  1527  1543  1589  1483  1521  1501  1496  1511  1476  1535  1471  1450  1524  1513  1471  1527  1559  1531  
1516  1463  1513  1463  1565  1509  1541  1449  1534  1461  1327  1471  1501  1504  1560  1525  1481  1467  1585  1497  
1482  1539  1493  1426  1458  1429  1538  1523  1515  1467  1468  1457  1468  1481  1532  1417  1577  1510  1507  1484  
1510  1518  1544  1515  1496  1586  1433  1492  1521  1440  1597  1475  1479  1511  1494  1507  1511  1499  1467  1482  
1500  1561  1529  1545  1488  1456  1514  1428  1515  1451  1486  1458  1534  1532  1548  1546  1523  1537  1492  1487  
1484  1441  1454  1541  1554  1483  1476  1487  1466  1410  1511  1547  1571  1515  1491  1550  1509  1425  1508  1481  
1552  1463  1542  1513  1476  1504  1487  1550  1477  1464  1552  1542  1507  1468  1431  1488  1464  1465  1480  1469  
1485  1404  1567  1498  1470  1542  1452  1545  1487  1562  1449  1546  1528  1575  1478  1493  1463  1501  1438  1520  
1549  1521  1510  1512  1494  1463  1518  1605  1522  1512  1516  1489  1465  1461  1525  1540  1447  1590  1500  1471  
1489  1535  1515  1550  1535  1422  1585  1533  1486  1563  1427  1453  1524  1458  1480  1563  1524  1500  1490  1430  
1558  1505  1557  1517  1547  1478  1502  1448  1465  1567  1453  1460  1517  1412  1417  1475  1452  1413  1511  1416  
1497  1543  1509  1467  1483  1523  1530  1496  1496  1530  1484  1522  1444  1491  1537  1524  1432  1543  1470  1475  
1496  1594  1492  1472  1505  1583  1539  1497  1443  1503  1522  1454  1517  1640  1583  1490  1494  1534  1506  1469  
1493  1451  1463  1460  1481  1502  1519  1453  1460  1540  1496  1521  1485  1535  1495  1519  1442  1492  1413  1480  
