1.19959
1523  1540  1488  1469  1491  1506  1507  1464  1508  1526  1520  1435  1459  1578  1509  1565  1536  1524  1597  1455  
1420  1428  1472  1401  1582  1427  1497  1583  1538  1563  1497  1580  1467  1504  1583  1516  1589  1538  1429  1548  
1473  1535  1539  1488  1534  1543  1522  1423  1495  1536  1544  1487  1528  1531  1455  1465  1560  1529  1418  1439  
1463  1518  1384  1514  1478  1552  1551  1465  1481  1565  1530  1499  1544  1557  1425  1588  1526  1510  1497  1558  
1441  1468  1519  1558  1513  1473  1468  1478  1523  1496  1451  1507  1512  1502  1462  1405  1464  1547  1500  1503  
1418  1432  1549  1488  1458  1532  1498  1469  1511  1518  1518  1468  1417  1590  1543  1483  1456  1550  1493  1489  
1520  1448  1477  1470  1503  1436  1475  1455  1460  1445  1535  1496  1463  1488  1479  1593  1488  1472  1517  1522  
1491  1439  1500  1499  1524  1494  1452  1455  1525  1459  1494  1453  1476  1482  1443  1500  1491  1465  1446  1561  
1502  1534  1458  1540  1456  1467  1523  1543  1471  1549  1449  1621  1522  1541  1482  1516  1492  1448  1461  1501  
1545  1399  1436  1475  1463  1436  1573  1489  1540  1522  1374  1543  1534  1513  1537  1478  1529  1590  1487  1508  
1504  1382  1466  1518  1589  1537  1520  1461  1510  1558  1472  1495  1471  1544  1520  1435  1511  1514  1466  1498  
1543  1587  1506  1518  1501  1510  1466  1475  1491  1551  1544  1493  1579  1517  1520  1514  1476  1494  1443  1517  
1590  1400  1550  1462  1437  1472  1483  1519  1507  1446  1484  1534  1607  1473  1533  1451  1522  1506  1478  1496  
1470  1452  1500  1504  1444  1444  1511  1593  1492  1592  1424  1448  1406  1507  1474  1513  1558  1468  1502  1528  
1569  1506  1541  1526  1524  1479  1515  1435  1546  1553  1472  1508  1520  1447  1516  1501  1562  1452  1453  1538  
1471  1419  1516  1539  1504  1447  1514  1561  1507  1527  1579  1504  1488  1543  1418  1493  1473  1461  1457  1421  
1519  1575  1535  1537  1524  1557  1511  1438  1461  1510  1562  1538  1564  1430  1511  1518  1507  1517  1552  1564  
1558  1509  1567  1538  1568  1450  1531  1543  1475  1510  1463  1482  1478  1485  1509  1467  1518  1507  1493  1519  
1548  1515  1427  1526  1447  1579  1514  1458  1466  1485  1483  1518  1476  1466  1554  1478  1518  1447  1457  1538  
1503  1508  1489  1492  1529  1518  1473  1529  1533  1463  1489  1440  1417  1486  1467  1435  1470  1431  1485  1553  
