1.20245
1506  1511  1458  1517  1489  1466  1521  1516  1509  1442  1509  1463  1520  1518  1534  1470  1436  1489  1492  1535  
1417  1509  1555  1509  1513  1482  1474  1513  1434  1500  1534  1524  1597  1521  1426  1497  1460  1506  1470  1447  
1461  1555  1539  1525  1440  1493  1479  1508  1510  1498  1496  1520  1465  1425  1456  1491  1540  1509  1549  1517  
1520  1465  1571  1537  1475  1529  1581  1473  1451  1527  1446  1471  1499  1517  1440  1507  1498  1511  1475  1471  
1460  1506  1493  1540  1535  1496  1534  1544  1527  1400  1500  1545  1487  1495  1477  1447  1489  1520  1555  1494  
1475  1511  1484  1533  1493  1499  1489  1484  1543  1419  1502  1524  1496  1454  1412  1513  1537  1535  1545  1463  
1605  1581  1585  1509  1477  1496  1515  1549  1500  1548  1459  1485  1507  1492  1558  1496  1567  1421  1556  1468  
1528  1485  1524  1523  1459  1477  1492  1533  1545  1539  1485  1517  1521  1571  1488  1455  1474  1512  1464  1464  
1528  1431  1516  1537  1489  1452  1507  1530  1574  1451  1536  1439  1393  1549  1562  1515  1523  1514  1539  1430  
1534  1523  1527  1561  1489  1442  1529  1552  1499  1505  1540  1423  1436  1467  1463  1434  1456  1549  1572  1373  
1556  1500  1541  1456  1507  1510  1486  1458  1456  1481  1473  1523  1461  1514  1495  1525  1445  1462  1423  1598  
1500  1506  1520  1537  1527  1564  1542  1520  1468  1487  1433  1495  1521  1483  1487  1442  1556  1557  1551  1529  
1549  1510  1562  1580  1539  1494  1506  1499  1531  1508  1506  1473  1468  1448  1542  1464  1528  1497  1508  1530  
1519  1519  1537  1483  1568  1536  1518  1534  1456  1554  1448  1514  1497  1470  1487  1558  1485  1397  1509  1522  
1484  1514  1486  1531  1518  1503  1574  1431  1598  1491  1546  1516  1473  1466  1503  1522  1491  1452  1515  1540  
1555  1428  1516  1579  1544  1514  1494  1473  1517  1529  1563  1541  1458  1522  1459  1485  1505  1410  1511  1515  
1516  1551  1456  1504  1448  1555  1481  1439  1546  1546  1538  1507  1506  1475  1456  1487  1557  1501  1441  1539  
1562  1491  1494  1519  1566  1559  1460  1510  1507  1528  1459  1433  1498  1479  1554  1464  1411  1477  1454  1461  
1465  1498  1527  1527  1505  1541  1460  1471  1521  1534  1533  1386  1560  1491  1458  1529  1485  1496  1474  1507  
1531  1584  1588  1543  1477  1505  1551  1503  1444  1517  1597  1562  1542  1404  1524  1531  1498  1522  1565  1448  
