1.20175
1553  1440  1531  1504  1566  1515  1592  1537  1512  1506  1539  1471  1500  1567  1509  1568  1548  1456  1441  1483  
1423  1445  1509  1581  1475  1464  1480  1417  1429  1612  1526  1430  1488  1546  1546  1454  1534  1529  1458  1501  
1512  1488  1409  1467  1571  1563  1496  1461  1518  1413  1494  1494  1496  1413  1463  1471  1544  1556  1497  1430  
1522  1494  1425  1574  1477  1512  1503  1560  1488  1542  1439  1456  1537  1534  1487  1538  1495  1483  1451  1509  
1488  1494  1559  1504  1439  1469  1509  1503  1481  1531  1497  1539  1436  1497  1500  1466  1506  1453  1537  1526  
1476  1512  1517  1548  1494  1510  1458  1509  1467  1497  1515  1488  1514  1417  1525  1492  1428  1510  1547  1461  
1500  1567  1507  1512  1510  1541  1539  1496  1462  1522  1432  1577  1500  1487  1557  1468  1576  1474  1518  1504  
1537  1545  1506  1477  1536  1551  1501  1610  1511  1522  1502  1517  1592  1456  1551  1534  1516  1493  1480  1475  
1440  1523  1473  1459  1520  1540  1401  1531  1563  1435  1502  1476  1532  1529  1518  1449  1452  1549  1442  1566  
1512  1583  1519  1481  1501  1557  1492  1526  1464  1413  1532  1488  1550  1616  1498  1448  1514  1480  1508  1518  
1464  1539  1495  1520  1539  1423  1447  1534  1503  1495  1482  1495  1506  1472  1420  1508  1524  1462  1501  1476  
1526  1481  1492  1557  1585  1512  1441  1515  1492  1571  1542  1555  1454  1520  1581  1478  1476  1526  1566  1497  
1483  1425  1558  1474  1507  1474  1520  1513  1510  1533  1474  1547  1443  1445  1444  1512  1495  1474  1484  1483  
1459  1543  1521  1514  1525  1482  1464  1503  1563  1476  1521  1476  1467  1505  1494  1488  1510  1495  1523  1455  
1521  1533  1512  1509  1540  1521  1548  1480  1522  1428  1571  1491  1455  1542  1572  1549  1491  1503  1453  1505  
1424  1546  1450  1465  1523  1506  1542  1521  1543  1468  1547  1437  1537  1399  1452  1563  1451  1491  1479  1512  
1487  1637  1514  1574  1443  1522  1435  1469  1441  1491  1491  1545  1536  1431  1475  1453  1477  1447  1451  1436  
1498  1516  1509  1512  1494  1581  1492  1464  1460  1553  1569  1452  1491  1444  1498  1543  1514  1462  1444  1474  
1549  1491  1525  1533  1454  1429  1543  1450  1586  1552  1543  1500  1473  1536  1436  1562  1488  1516  1498  1495  
1442  1486  1563  1518  1457  1561  1511  1518  1505  1557  1487  1518  1521  1514  1523  1483  1418  1488  1526  1506  
