1.19856
1508  1522  1429  1430  1479  1559  1479  1523  1554  1486  1475  1605  1506  1485  1447  1536  1490  1475  1472  1421  
1514  1507  1510  1576  1497  1463  1445  1609  1523  1459  1578  1538  1446  1537  1528  1547  1532  1416  1519  1501  
1515  1482  1482  1518  1554  1508  1509  1548  1500  1459  1506  1541  1499  1476  1472  1497  1498  1509  1495  1483  
1520  1488  1558  1513  1511  1510  1446  1570  1630  1485  1435  1550  1488  1488  1482  1534  1451  1542  1458  1478  
1496  1583  1497  1462  1472  1548  1482  1512  1515  1550  1523  1528  1540  1467  1433  1482  1419  1498  1513  1603  
1496  1474  1500  1535  1558  1501  1460  1473  1478  1448  1452  1418  1547  1461  1488  1507  1361  1479  1462  1528  
1455  1470  1580  1459  1487  1580  1546  1488  1548  1489  1458  1490  1494  1532  1493  1549  1520  1468  1443  1485  
1537  1496  1517  1531  1563  1472  1455  1483  1518  1551  1488  1439  1433  1480  1437  1467  1478  1551  1425  1422  
1506  1604  1528  1508  1548  1390  1453  1508  1515  1490  1496  1443  1512  1456  1471  1497  1517  1536  1474  1523  
1577  1488  1546  1479  1527  1482  1556  1482  1520  1503  1487  1489  1460  1546  1575  1532  1422  1452  1474  1522  
1520  1515  1475  1425  1504  1445  1481  1487  1553  1494  1508  1523  1513  1472  1457  1540  1416  1516  1501  1552  
1479  1470  1490  1487  1576  1505  1478  1496  1567  1499  1424  1519  1490  1469  1443  1508  1507  1550  1488  1381  
1578  1499  1520  1447  1467  1478  1459  1530  1451  1449  1402  1519  1521  1505  1472  1491  1466  1553  1454  1534  
1585  1442  1520  1543  1550  1502  1470  1497  1496  1438  1442  1546  1514  1501  1537  1385  1560  1474  1505  1546  
1455  1537  1489  1484  1475  1649  1534  1528  1431  1471  1487  1518  1502  1460  1474  1463  1472  1410  1448  1492  
1487  1509  1469  1462  1431  1590  1556  1568  1560  1545  1532  1499  1530  1512  1430  1500  1502  1552  1455  1446  
1535  1524  1444  1469  1376  1586  1458  1490  1470  1510  1503  1434  1557  1488  1533  1495  1478  1487  1573  1455  
1529  1550  1511  1513  1484  1487  1490  1385  1521  1484  1555  1554  1525  1523  1504  1484  1519  1524  1496  1533  
1461  1470  1472  1464  1540  1488  1524  1532  1491  1497  1414  1526  1527  1482  1497  1471  1463  1522  1503  1577  
1408  1504  1486  1571  1483  1529  1488  1540  1473  1458  1466  1463  1571  1538  1534  1492  1565  1505  1517  1468  
