1.20098
1436  1565  1525  1462  1543  1508  1517  1499  1575  1451  1428  1533  1522  1511  1490  1530  1484  1535  1485  1446  
1512  1517  1545  1516  1505  1450  1423  1511  1499  1520  1425  1467  1517  1513  1522  1510  1498  1471  1527  1565  
1481  1483  1580  1454  1493  1550  1431  1482  1526  1494  1534  1519  1549  1494  1516  1563  1516  1431  1594  1464  
1458  1543  1523  1556  1501  1468  1533  1465  1503  1497  1457  1487  1457  1468  1623  1519  1472  1507  1407  1468  
1465  1503  1479  1559  1553  1463  1486  1619  1564  1490  1480  1444  1410  1478  1446  1483  1468  1483  1458  1511  
1543  1514  1471  1519  1502  1513  1434  1535  1460  1550  1541  1569  1545  1419  1482  1476  1505  1443  1470  1516  
1487  1530  1502  1504  1506  1501  1483  1492  1516  1468  1527  1463  1478  1593  1491  1462  1440  1564  1503  1545  
1488  1535  1425  1605  1488  1518  1477  1520  1502  1492  1463  1573  1500  1473  1484  1485  1590  1495  1510  1541  
1540  1551  1502  1516  1415  1512  1510  1564  1476  1430  1583  1474  1563  1422  1485  1455  1433  1435  1442  1484  
1437  1580  1539  1419  1495  1501  1474  1508  1410  1502  1514  1409  1443  1500  1421  1472  1487  1494  1529  1578  
1499  1454  1587  1508  1493  1433  1523  1576  1523  1458  1522  1447  1487  1484  1475  1520  1523  1475  1496  1506  
1535  1510  1551  1549  1454  1586  1484  1426  1485  1572  1586  1485  1535  1547  1482  1559  1541  1447  1507  1461  
1499  1519  1487  1446  1576  1480  1455  1464  1489  1478  1453  1487  1484  1496  1482  1423  1520  1468  1459  1403  
1509  1518  1446  1488  1465  1534  1458  1505  1529  1514  1477  1400  1546  1498  1454  1560  1513  1474  1508  1512  
1516  1538  1552  1528  1493  1556  1518  1501  1520  1488  1487  1440  1455  1524  1529  1433  1520  1497  1476  1504  
1499  1507  1529  1473  1498  1559  1595  1490  1473  1486  1454  1515  1475  1508  1437  1432  1531  1411  1529  1533  
1468  1496  1557  1503  1496  1577  1537  1496  1564  1495  1493  1488  1471  1554  1499  1530  1534  1458  1431  1550  
1497  1484  1597  1467  1518  1543  1506  1484  1489  1509  1501  1542  1484  1506  1448  1513  1547  1438  1463  1561  
1542  1530  1480  1554  1513  1562  1498  1422  1499  1442  1523  1532  1519  1505  1482  1419  1518  1525  1498  1527  
1520  1487  1496  1538  1485  1501  1531  1529  1540  1488  1570  1463  1502  1545  1400  1532  1525  1451  1499  1544  
