1.19878
1483  1484  1504  1523  1552  1485  1513  1534  1503  1533  1522  1506  1449  1465  1526  1538  1414  1468  1515  1464  
1518  1536  1469  1529  1547  1482  1483  1454  1543  1454  1538  1445  1521  1609  1439  1641  1500  1470  1493  1532  
1486  1503  1477  1484  1524  1426  1446  1502  1505  1533  1532  1553  1445  1507  1484  1472  1463  1464  1472  1598  
1501  1489  1507  1613  1504  1594  1471  1456  1468  1548  1467  1472  1437  1477  1464  1519  1561  1479  1505  1540  
1526  1507  1500  1506  1576  1492  1498  1402  1462  1471  1492  1529  1568  1493  1436  1444  1469  1468  1512  1540  
1515  1578  1445  1491  1480  1575  1519  1505  1499  1454  1473  1479  1487  1504  1476  1479  1407  1520  1415  1464  
1470  1572  1543  1531  1521  1499  1581  1433  1442  1490  1553  1489  1416  1495  1498  1469  1539  1602  1565  1512  
1611  1463  1589  1506  1493  1494  1523  1554  1470  1456  1484  1527  1410  1522  1530  1524  1460  1431  1488  1485  
1477  1479  1546  1512  1452  1551  1439  1434  1527  1508  1557  1414  1488  1392  1479  1479  1428  1471  1499  1522  
1499  1534  1463  1498  1538  1470  1542  1481  1540  1522  1448  1591  1497  1453  1465  1442  1514  1437  1552  1492  
1558  1501  1551  1538  1515  1483  1464  1506  1476  1452  1464  1549  1482  1493  1491  1533  1528  1564  1534  1487  
1517  1457  1435  1514  1550  1524  1591  1505  1496  1555  1498  1456  1541  1593  1425  1433  1497  1464  1498  1515  
1533  1513  1494  1509  1530  1520  1551  1486  1559  1490  1516  1501  1515  1524  1452  1450  1512  1597  1493  1458  
1573  1499  1471  1482  1511  1488  1519  1415  1513  1474  1501  1526  1476  1508  1538  1474  1509  1477  1589  1453  
1488  1526  1480  1486  1491  1522  1485  1489  1514  1407  1486  1461  1566  1496  1576  1472  1476  1458  1530  1443  
1580  1511  1508  1479  1438  1505  1450  1454  1399  1494  1534  1583  1465  1527  1429  1441  1397  1502  1487  1432  
1467  1479  1557  1553  1496  1540  1436  1616  1564  1570  1548  1478  1481  1449  1510  1443  1603  1383  1577  1466  
1460  1482  1547  1490  1502  1543  1547  1459  1544  1512  1427  1493  1437  1599  1501  1448  1488  1526  1435  1519  
1512  1475  1521  1483  1453  1489  1481  1470  1490  1567  1459  1479  1500  1434  1449  1423  1543  1458  1498  1517  
1480  1570  1463  1549  1467  1504  1409  1419  1522  1506  1495  1548  1480  1515  1465  1467  1482  1503  1506  1597  
