1.20055
1521  1478  1467  1547  1487  1538  1554  1507  1530  1579  1531  1428  1487  1583  1434  1572  1473  1529  1384  1455  
1444  1586  1452  1575  1490  1473  1473  1448  1495  1492  1456  1550  1516  1493  1526  1522  1396  1527  1524  1554  
1486  1529  1436  1513  1547  1446  1551  1488  1490  1498  1544  1575  1524  1500  1551  1455  1440  1490  1507  1560  
1466  1442  1511  1509  1489  1453  1470  1461  1562  1534  1533  1485  1489  1466  1465  1490  1508  1579  1482  1492  
1508  1495  1546  1436  1511  1551  1501  1483  1402  1448  1538  1515  1452  1406  1586  1532  1491  1529  1431  1532  
1550  1470  1468  1505  1489  1505  1416  1422  1557  1463  1489  1476  1479  1558  1531  1436  1468  1500  1465  1471  
1463  1531  1542  1483  1463  1445  1549  1465  1543  1561  1536  1478  1523  1504  1492  1505  1476  1488  1472  1486  
1509  1429  1528  1469  1544  1445  1487  1557  1599  1533  1483  1529  1494  1532  1403  1631  1458  1493  1559  1538  
1423  1540  1500  1521  1523  1499  1460  1508  1537  1426  1445  1572  1429  1488  1453  1524  1395  1476  1569  1525  
1529  1438  1483  1529  1461  1486  1466  1494  1491  1524  1531  1568  1463  1433  1482  1491  1502  1482  1474  1446  
1484  1505  1495  1531  1474  1519  1470  1448  1507  1465  1433  1505  1482  1479  1522  1518  1513  1453  1421  1496  
1493  1490  1471  1536  1498  1535  1491  1527  1526  1496  1528  1467  1500  1492  1518  1475  1452  1490  1513  1465  
1562  1479  1452  1527  1515  1524  1514  1453  1557  1402  1515  1548  1557  1539  1495  1530  1459  1474  1502  1527  
1590  1501  1516  1496  1505  1462  1475  1470  1463  1511  1504  1507  1543  1509  1491  1474  1464  1483  1489  1538  
1470  1623  1571  1541  1493  1534  1458  1485  1507  1490  1480  1478  1597  1520  1516  1510  1426  1501  1442  1477  
1533  1463  1490  1548  1497  1462  1522  1502  1494  1507  1382  1427  1454  1450  1492  1538  1526  1529  1589  1464  
1482  1597  1605  1555  1478  1485  1546  1549  1466  1503  1447  1467  1443  1504  1513  1509  1490  1497  1441  1505  
1498  1627  1515  1466  1484  1491  1522  1432  1538  1456  1506  1489  1456  1489  1445  1517  1532  1478  1540  1492  
1475  1552  1481  1571  1502  1523  1516  1522  1461  1591  1546  1554  1481  1494  1588  1568  1531  1521  1440  1499  
1485  1526  1495  1507  1569  1514  1452  1521  1439  1434  1555  1558  1507  1466  1547  1477  1487  1559  1610  1523  
