1.19794
1622  1536  1448  1491  1546  1475  1509  1540  1456  1453  1408  1532  1472  1517  1551  1478  1560  1467  1564  1495  
1532  1466  1455  1534  1507  1514  1484  1442  1491  1416  1450  1517  1542  1563  1448  1525  1459  1421  1567  1590  
1545  1514  1465  1512  1539  1510  1548  1448  1470  1562  1567  1537  1449  1571  1558  1528  1517  1494  1471  1510  
1529  1554  1568  1466  1406  1479  1538  1471  1550  1476  1497  1521  1545  1485  1523  1452  1607  1570  1510  1491  
1502  1554  1609  1438  1456  1553  1500  1527  1473  1505  1495  1562  1465  1508  1584  1541  1510  1566  1546  1478  
1488  1403  1447  1467  1496  1520  1509  1560  1507  1448  1474  1509  1563  1441  1560  1610  1571  1593  1476  1419  
1496  1406  1489  1498  1468  1614  1472  1488  1581  1477  1481  1472  1489  1494  1441  1454  1525  1419  1452  1447  
1430  1483  1501  1466  1419  1523  1519  1405  1521  1477  1536  1497  1560  1485  1459  1555  1430  1530  1511  1479  
1510  1519  1518  1501  1435  1530  1557  1475  1510  1484  1430  1530  1481  1556  1502  1583  1506  1443  1518  1553  
1508  1496  1530  1541  1536  1384  1496  1496  1516  1474  1500  1442  1501  1559  1456  1444  1510  1479  1437  1453  
1481  1498  1479  1562  1460  1501  1538  1492  1436  1473  1525  1497  1514  1513  1570  1454  1525  1401  1450  1512  
1411  1601  1482  1550  1503  1491  1537  1492  1458  1464  1493  1449  1547  1544  1573  1431  1404  1461  1485  1513  
1502  1441  1415  1500  1542  1506  1516  1478  1528  1542  1433  1509  1504  1439  1509  1473  1560  1489  1489  1469  
1526  1582  1507  1477  1561  1499  1486  1481  1475  1468  1528  1513  1490  1530  1419  1442  1541  1478  1551  1405  
1549  1538  1490  1566  1505  1496  1462  1475  1485  1496  1533  1500  1430  1491  1420  1507  1518  1544  1502  1595  
1472  1449  1517  1434  1471  1526  1542  1486  1479  1486  1532  1466  1461  1545  1504  1509  1472  1497  1545  1477  
1506  1527  1507  1527  1522  1474  1535  1457  1524  1474  1528  1522  1441  1478  1501  1430  1476  1487  1460  1482  
1528  1551  1506  1550  1474  1441  1440  1425  1434  1529  1498  1417  1446  1428  1419  1481  1513  1499  1487  1406  
1443  1513  1472  1543  1446  1455  1478  1553  1494  1446  1532  1420  1511  1424  1487  1533  1499  1477  1405  1450  
1514  1473  1474  1521  1447  1439  1465  1451  1495  1567  1480  1587  1572  1469  1518  1481  1433  1497  1443  1550  
