1.19933
1582  1499  1451  1560  1517  1481  1502  1524  1561  1495  1501  1479  1507  1503  1530  1488  1487  1512  1523  1422  
1546  1450  1542  1457  1525  1527  1543  1526  1452  1457  1532  1496  1444  1461  1528  1418  1496  1564  1488  1442  
1505  1483  1499  1562  1571  1458  1520  1518  1452  1487  1514  1500  1539  1480  1530  1602  1554  1426  1454  1536  
1487  1506  1423  1463  1577  1518  1521  1515  1483  1552  1521  1496  1493  1466  1474  1442  1537  1473  1530  1415  
1437  1586  1499  1427  1519  1525  1542  1522  1502  1516  1480  1460  1503  1565  1517  1440  1504  1501  1424  1464  
1454  1482  1536  1518  1448  1491  1553  1532  1512  1512  1510  1565  1547  1518  1542  1536  1497  1473  1527  1530  
1521  1493  1437  1494  1481  1523  1493  1495  1512  1449  1467  1504  1532  1510  1458  1509  1563  1508  1419  1531  
1533  1621  1441  1485  1480  1470  1436  1515  1568  1426  1521  1452  1564  1413  1493  1471  1475  1478  1403  1526  
1599  1554  1522  1522  1448  1545  1475  1441  1565  1502  1465  1469  1475  1512  1493  1485  1573  1468  1431  1480  
1503  1482  1519  1504  1522  1494  1549  1465  1464  1441  1538  1446  1570  1444  1510  1551  1387  1515  1478  1428  
1470  1577  1583  1472  1540  1528  1493  1489  1468  1440  1485  1467  1406  1471  1488  1464  1394  1539  1516  1510  
1469  1455  1509  1474  1505  1460  1486  1520  1502  1508  1517  1434  1438  1538  1521  1510  1436  1542  1502  1495  
1564  1528  1505  1554  1572  1502  1487  1541  1507  1512  1424  1516  1487  1466  1494  1489  1538  1498  1518  1478  
1520  1461  1420  1495  1484  1521  1591  1499  1575  1511  1452  1536  1477  1487  1563  1499  1509  1409  1505  1538  
1570  1495  1507  1469  1534  1488  1437  1523  1445  1521  1545  1430  1447  1419  1466  1494  1539  1560  1527  1581  
1464  1542  1478  1538  1507  1513  1572  1526  1490  1509  1504  1548  1511  1498  1467  1478  1494  1567  1415  1563  
1548  1457  1476  1513  1464  1465  1449  1507  1520  1506  1572  1545  1507  1434  1484  1449  1420  1443  1600  1492  
1413  1445  1431  1551  1549  1497  1495  1490  1498  1393  1518  1456  1545  1574  1564  1522  1490  1497  1503  1530  
1536  1458  1549  1447  1507  1543  1560  1468  1543  1538  1502  1492  1516  1517  1444  1432  1581  1564  1565  1505  
1509  1483  1555  1497  1526  1434  1437  1438  1436  1573  1496  1532  1487  1461  1506  1505  1460  1515  1557  1475  
