1.20232
1447  1530  1519  1461  1498  1512  1575  1497  1482  1558  1530  1503  1541  1471  1473  1510  1466  1506  1516  1497  
1445  1515  1486  1510  1518  1509  1498  1480  1525  1523  1563  1455  1493  1459  1542  1487  1532  1427  1541  1466  
1523  1508  1517  1492  1470  1454  1513  1530  1508  1543  1503  1483  1490  1443  1451  1535  1560  1429  1499  1484  
1438  1554  1471  1566  1513  1582  1518  1442  1494  1494  1463  1450  1442  1465  1467  1530  1435  1503  1440  1502  
1546  1516  1457  1434  1522  1463  1495  1446  1566  1511  1492  1561  1471  1437  1434  1576  1536  1491  1487  1533  
1567  1480  1608  1462  1559  1477  1491  1503  1547  1479  1524  1423  1510  1499  1463  1542  1437  1518  1523  1454  
1504  1487  1550  1434  1515  1546  1492  1545  1447  1489  1489  1526  1462  1450  1509  1545  1457  1483  1576  1559  
1512  1423  1544  1481  1455  1552  1553  1477  1445  1473  1518  1539  1538  1471  1558  1353  1499  1511  1502  1501  
1454  1506  1496  1450  1515  1508  1498  1535  1389  1544  1455  1533  1546  1480  1572  1545  1507  1470  1577  1539  
1468  1515  1457  1493  1530  1584  1535  1515  1461  1572  1551  1512  1504  1451  1520  1520  1472  1501  1553  1599  
1492  1553  1464  1492  1570  1562  1501  1543  1460  1500  1528  1508  1519  1487  1481  1431  1503  1519  1501  1519  
1537  1524  1494  1480  1458  1508  1542  1483  1556  1495  1513  1521  1487  1483  1514  1485  1443  1496  1496  1447  
1480  1540  1456  1570  1474  1517  1569  1495  1514  1435  1529  1506  1461  1537  1562  1416  1509  1506  1484  1446  
1532  1499  1551  1461  1511  1514  1503  1448  1560  1517  1407  1592  1487  1502  1534  1536  1493  1486  1453  1521  
1475  1502  1597  1515  1508  1489  1611  1498  1479  1509  1461  1453  1475  1423  1507  1542  1478  1502  1400  1515  
1460  1524  1434  1562  1491  1541  1539  1423  1495  1467  1514  1479  1517  1513  1505  1547  1508  1452  1467  1528  
1493  1532  1542  1467  1568  1580  1519  1533  1457  1537  1557  1533  1501  1482  1523  1504  1457  1471  1532  1435  
1563  1455  1515  1497  1480  1471  1515  1440  1485  1418  1575  1539  1510  1562  1499  1479  1525  1485  1510  1535  
1505  1544  1426  1470  1555  1520  1470  1561  1469  1567  1450  1527  1434  1481  1530  1462  1503  1526  1472  1458  
1505  1518  1533  1422  1429  1440  1561  1577  1460  1511  1490  1565  1481  1528  1513  1449  1558  1533  1519  1477  
