1.20114
1486  1479  1488  1500  1508  1470  1518  1477  1563  1471  1484  1459  1474  1482  1459  1533  1499  1476  1570  1488  
1422  1542  1445  1457  1492  1477  1444  1432  1488  1460  1573  1454  1551  1501  1499  1508  1523  1543  1449  1492  
1475  1569  1494  1468  1502  1504  1584  1550  1445  1578  1557  1504  1519  1537  1525  1497  1524  1521  1464  1571  
1505  1432  1522  1434  1568  1530  1485  1462  1554  1411  1391  1436  1557  1530  1521  1618  1471  1436  1434  1562  
1536  1558  1527  1441  1477  1554  1508  1537  1531  1440  1473  1507  1514  1391  1617  1442  1446  1597  1559  1385  
1514  1549  1499  1478  1514  1552  1505  1529  1572  1443  1550  1471  1454  1446  1499  1485  1475  1455  1463  1489  
1569  1489  1478  1466  1465  1479  1469  1457  1549  1365  1475  1545  1561  1505  1504  1562  1467  1521  1518  1473  
1564  1482  1523  1426  1457  1476  1483  1559  1448  1485  1534  1478  1552  1562  1438  1489  1390  1465  1454  1503  
1553  1459  1476  1499  1460  1491  1434  1523  1486  1528  1583  1475  1531  1469  1506  1496  1493  1472  1538  1602  
1480  1422  1510  1482  1595  1453  1407  1556  1408  1498  1528  1569  1583  1527  1536  1451  1520  1494  1492  1450  
1555  1477  1574  1468  1475  1531  1487  1470  1498  1507  1516  1434  1511  1478  1495  1516  1497  1509  1503  1549  
1531  1559  1495  1549  1490  1450  1431  1481  1452  1525  1505  1523  1461  1476  1512  1587  1566  1506  1477  1544  
1542  1538  1537  1533  1432  1521  1515  1545  1418  1423  1566  1497  1533  1474  1504  1502  1539  1567  1539  1579  
1567  1453  1510  1525  1572  1508  1499  1497  1517  1440  1559  1411  1464  1533  1546  1544  1493  1525  1508  1526  
1513  1455  1475  1540  1601  1528  1462  1489  1531  1479  1532  1506  1570  1367  1535  1463  1485  1518  1448  1466  
1572  1520  1500  1550  1473  1580  1478  1482  1479  1497  1509  1516  1419  1475  1551  1522  1530  1532  1554  1468  
1511  1510  1501  1559  1485  1515  1489  1486  1505  1563  1484  1532  1477  1482  1484  1538  1462  1448  1477  1523  
1596  1480  1547  1498  1457  1481  1466  1463  1518  1503  1433  1472  1522  1519  1482  1534  1519  1519  1531  1535  
1507  1486  1552  1522  1486  1574  1510  1487  1496  1454  1484  1522  1580  1465  1558  1509  1597  1495  1515  1487  
1556  1484  1466  1516  1546  1504  1424  1474  1492  1426  1434  1453  1524  1489  1476  1559  1506  1525  1405  1474  
