1.19979
1481  1457  1499  1543  1524  1543  1528  1534  1553  1511  1449  1512  1545  1510  1515  1431  1580  1443  1542  1532  
1479  1446  1597  1547  1396  1617  1516  1512  1520  1519  1569  1460  1477  1487  1544  1513  1466  1563  1557  1432  
1556  1484  1454  1577  1541  1495  1555  1576  1522  1512  1499  1513  1545  1451  1538  1543  1397  1456  1510  1502  
1542  1508  1585  1489  1526  1546  1450  1529  1514  1486  1500  1443  1568  1414  1439  1519  1536  1441  1531  1507  
1494  1506  1507  1491  1472  1551  1508  1430  1422  1486  1563  1511  1560  1520  1434  1508  1497  1546  1521  1505  
1480  1506  1571  1539  1539  1472  1524  1467  1540  1546  1489  1535  1521  1535  1442  1532  1558  1594  1434  1530  
1528  1529  1451  1454  1520  1478  1570  1556  1529  1597  1497  1526  1540  1440  1453  1530  1381  1481  1595  1537  
1521  1499  1474  1508  1475  1495  1496  1518  1527  1474  1476  1519  1442  1489  1514  1476  1472  1492  1400  1483  
1511  1509  1518  1469  1553  1471  1498  1484  1451  1517  1487  1573  1504  1574  1500  1477  1507  1508  1479  1531  
1456  1444  1520  1502  1453  1506  1436  1556  1455  1464  1537  1464  1507  1444  1543  1601  1490  1440  1490  1457  
1551  1549  1515  1514  1456  1500  1506  1472  1520  1532  1475  1519  1511  1494  1464  1479  1418  1429  1450  1588  
1520  1481  1458  1523  1463  1431  1479  1455  1459  1424  1448  1428  1523  1505  1486  1508  1513  1485  1536  1474  
1471  1419  1515  1480  1549  1586  1462  1465  1433  1513  1488  1501  1431  1511  1558  1545  1527  1522  1444  1587  
1488  1483  1542  1480  1621  1478  1448  1551  1503  1494  1395  1547  1488  1486  1527  1554  1501  1472  1455  1507  
1521  1539  1500  1534  1501  1536  1474  1568  1500  1481  1372  1484  1544  1467  1525  1466  1467  1540  1472  1511  
1494  1467  1493  1504  1515  1508  1500  1454  1534  1459  1492  1465  1465  1433  1511  1519  1490  1498  1464  1482  
1513  1461  1398  1544  1511  1533  1503  1461  1463  1588  1522  1583  1478  1456  1506  1547  1482  1505  1519  1472  
1538  1426  1524  1604  1476  1469  1498  1488  1560  1430  1575  1622  1570  1461  1423  1480  1458  1570  1509  1411  
1481  1469  1481  1533  1507  1432  1520  1477  1442  1512  1484  1543  1507  1533  1452  1477  1420  1549  1484  1459  
1490  1502  1488  1535  1486  1509  1461  1458  1446  1451  1534  1391  1486  1468  1466  1489  1505  1470  1531  1397  
