1.19886
1430  1531  1540  1579  1529  1488  1514  1573  1504  1508  1448  1460  1541  1566  1515  1414  1571  1477  1447  1491  
1454  1466  1473  1529  1529  1497  1554  1516  1510  1450  1515  1525  1429  1466  1563  1547  1503  1515  1576  1484  
1462  1435  1453  1509  1529  1508  1524  1549  1531  1606  1577  1436  1554  1475  1453  1504  1476  1489  1521  1503  
1539  1532  1530  1510  1461  1552  1499  1606  1517  1503  1472  1603  1417  1530  1447  1498  1478  1457  1448  1568  
1593  1545  1490  1503  1477  1486  1571  1487  1456  1457  1575  1591  1493  1539  1431  1624  1498  1460  1467  1580  
1616  1550  1519  1412  1453  1464  1443  1392  1443  1582  1498  1554  1574  1536  1500  1472  1528  1481  1580  1388  
1438  1544  1431  1452  1489  1547  1541  1403  1557  1542  1585  1559  1526  1490  1529  1427  1560  1459  1542  1394  
1571  1446  1511  1486  1564  1569  1590  1517  1539  1486  1597  1531  1560  1486  1569  1566  1476  1433  1517  1509  
1497  1559  1487  1514  1508  1508  1506  1540  1504  1508  1480  1455  1471  1479  1452  1468  1495  1470  1489  1534  
1482  1570  1447  1501  1511  1460  1543  1473  1494  1489  1540  1493  1531  1429  1505  1490  1446  1570  1614  1470  
1456  1567  1478  1523  1520  1506  1467  1451  1440  1435  1493  1483  1548  1511  1485  1567  1483  1515  1535  1448  
1504  1481  1532  1484  1459  1484  1535  1481  1544  1520  1426  1555  1453  1486  1536  1523  1574  1479  1556  1538  
1469  1477  1500  1558  1536  1505  1469  1529  1440  1464  1517  1500  1597  1492  1521  1481  1519  1473  1523  1436  
1518  1427  1492  1489  1520  1480  1506  1526  1454  1466  1512  1491  1516  1473  1562  1498  1456  1483  1533  1475  
1466  1422  1545  1465  1519  1554  1499  1463  1477  1469  1432  1543  1546  1553  1524  1447  1492  1532  1490  1405  
1501  1511  1504  1396  1495  1470  1447  1416  1499  1485  1598  1467  1473  1483  1549  1480  1433  1489  1484  1503  
1454  1539  1417  1410  1574  1510  1473  1508  1504  1417  1471  1543  1458  1426  1360  1430  1523  1550  1480  1569  
1491  1506  1595  1477  1455  1456  1509  1508  1412  1419  1491  1569  1469  1532  1532  1535  1446  1455  1510  1493  
1398  1472  1491  1471  1464  1468  1463  1481  1572  1510  1481  1510  1497  1509  1402  1399  1460  1465  1510  1485  
1556  1450  1530  1540  1524  1482  1429  1439  1574  1454  1418  1526  1456  1476  1524  1511  1533  1461  1530  1457  
