1.20002
1447  1522  1535  1519  1526  1513  1483  1464  1477  1532  1446  1517  1502  1566  1460  1418  1512  1492  1510  1461  
1459  1509  1507  1551  1481  1505  1431  1512  1474  1527  1529  1536  1583  1507  1579  1479  1543  1513  1491  1519  
1522  1447  1547  1492  1519  1430  1476  1513  1549  1498  1425  1469  1497  1481  1462  1518  1505  1461  1590  1435  
1478  1493  1514  1442  1515  1481  1539  1511  1500  1524  1436  1482  1458  1564  1479  1512  1513  1468  1570  1520  
1564  1513  1531  1522  1559  1486  1499  1552  1533  1559  1564  1466  1450  1460  1547  1506  1525  1429  1469  1406  
1491  1486  1501  1515  1526  1492  1522  1476  1474  1534  1446  1510  1561  1447  1570  1513  1498  1497  1470  1546  
1487  1536  1531  1534  1539  1433  1468  1486  1477  1459  1443  1449  1511  1469  1500  1601  1480  1561  1467  1535  
1452  1599  1462  1524  1424  1423  1549  1453  1482  1503  1497  1532  1555  1423  1549  1540  1472  1551  1577  1536  
1473  1483  1570  1494  1480  1401  1491  1519  1455  1506  1612  1512  1435  1523  1485  1567  1464  1499  1535  1491  
1480  1546  1526  1493  1496  1553  1525  1477  1517  1517  1498  1501  1479  1420  1482  1461  1459  1441  1475  1528  
1534  1540  1452  1524  1476  1570  1524  1472  1476  1508  1554  1521  1443  1419  1455  1512  1507  1514  1484  1547  
1504  1582  1528  1480  1522  1477  1550  1452  1441  1477  1493  1498  1480  1485  1482  1501  1512  1400  1455  1483  
1552  1437  1482  1460  1568  1515  1494  1483  1402  1472  1582  1548  1518  1508  1522  1470  1508  1510  1478  1524  
1495  1531  1436  1575  1469  1571  1499  1492  1445  1568  1489  1544  1527  1488  1570  1527  1510  1537  1490  1464  
1530  1533  1480  1514  1419  1555  1503  1456  1421  1429  1462  1461  1474  1496  1528  1496  1500  1449  1427  1506  
1549  1507  1531  1528  1475  1539  1477  1457  1465  1470  1553  1492  1446  1530  1476  1514  1547  1513  1471  1505  
1480  1463  1554  1487  1520  1485  1553  1472  1422  1508  1575  1460  1515  1537  1477  1467  1467  1473  1473  1585  
1537  1548  1543  1491  1531  1542  1500  1450  1565  1526  1520  1514  1513  1569  1473  1474  1476  1388  1491  1510  
1495  1478  1536  1519  1507  1448  1544  1595  1526  1581  1525  1496  1440  1528  1593  1565  1580  1452  1485  1524  
1504  1521  1558  1389  1488  1511  1522  1558  1456  1500  1559  1513  1484  1476  1485  1552  1499  1504  1557  1514  
