1.19964
1490  1565  1500  1547  1573  1476  1423  1588  1552  1500  1521  1513  1556  1490  1529  1412  1475  1501  1470  1482  
1475  1479  1456  1529  1549  1486  1458  1556  1560  1533  1478  1457  1524  1492  1560  1485  1541  1542  1435  1502  
1456  1517  1469  1520  1534  1492  1486  1543  1550  1523  1492  1497  1453  1412  1475  1518  1524  1502  1497  1447  
1497  1424  1456  1519  1525  1474  1488  1475  1465  1496  1513  1563  1368  1496  1467  1445  1427  1432  1429  1491  
1533  1532  1441  1583  1440  1440  1490  1477  1542  1552  1506  1522  1490  1429  1554  1476  1567  1468  1499  1525  
1551  1534  1401  1511  1469  1533  1468  1598  1518  1521  1481  1509  1507  1455  1465  1444  1465  1491  1536  1473  
1514  1480  1557  1499  1506  1492  1540  1530  1534  1457  1468  1496  1486  1411  1452  1510  1590  1482  1469  1492  
1577  1483  1524  1541  1499  1488  1428  1520  1489  1412  1510  1594  1523  1487  1417  1508  1439  1429  1532  1484  
1485  1527  1549  1447  1480  1544  1568  1485  1543  1549  1561  1528  1495  1583  1432  1491  1432  1477  1510  1497  
1530  1574  1517  1451  1555  1474  1531  1430  1472  1457  1515  1481  1503  1508  1447  1475  1500  1406  1564  1470  
1527  1492  1527  1536  1548  1508  1438  1489  1496  1499  1531  1509  1522  1511  1463  1436  1525  1511  1503  1483  
1435  1510  1490  1511  1498  1449  1491  1466  1460  1479  1567  1467  1477  1461  1537  1474  1454  1460  1518  1494  
1529  1502  1447  1521  1550  1555  1442  1490  1533  1501  1494  1537  1478  1499  1484  1457  1362  1530  1505  1566  
1543  1573  1524  1505  1463  1441  1567  1476  1527  1534  1439  1483  1454  1436  1583  1621  1541  1513  1599  1470  
1576  1412  1510  1519  1494  1495  1482  1523  1469  1497  1490  1491  1456  1438  1561  1542  1503  1536  1507  1489  
1524  1527  1535  1522  1520  1516  1521  1487  1494  1470  1533  1512  1509  1544  1431  1457  1399  1503  1469  1512  
1491  1499  1492  1448  1463  1496  1537  1500  1550  1457  1480  1471  1532  1532  1506  1424  1432  1519  1503  1494  
1468  1454  1420  1507  1505  1488  1446  1508  1496  1492  1502  1522  1604  1546  1493  1505  1482  1467  1528  1541  
1433  1446  1507  1519  1497  1500  1486  1446  1521  1535  1550  1529  1503  1434  1500  1540  1524  1585  1487  1513  
1542  1487  1387  1515  1549  1541  1497  1454  1425  1559  1477  1489  1524  1525  1564  1489  1554  1500  1569  1495  
