1.20124
1500  1526  1476  1491  1513  1496  1567  1500  1549  1501  1506  1511  1586  1537  1416  1473  1462  1460  1512  1487  
1548  1490  1529  1457  1572  1434  1474  1444  1529  1530  1440  1483  1519  1539  1496  1527  1514  1471  1529  1531  
1478  1516  1563  1492  1493  1469  1448  1532  1542  1501  1520  1513  1477  1500  1559  1528  1404  1446  1501  1504  
1517  1515  1537  1468  1548  1430  1530  1427  1513  1524  1532  1528  1448  1454  1527  1547  1565  1493  1504  1566  
1544  1467  1472  1531  1475  1491  1469  1464  1550  1550  1534  1469  1400  1477  1474  1502  1483  1449  1492  1454  
1496  1562  1437  1496  1453  1474  1528  1499  1503  1482  1492  1519  1512  1485  1418  1523  1527  1558  1560  1594  
1564  1492  1464  1463  1468  1510  1465  1527  1494  1521  1456  1515  1486  1460  1445  1572  1489  1439  1504  1541  
1485  1590  1490  1559  1434  1505  1511  1492  1488  1483  1450  1559  1540  1488  1473  1493  1448  1496  1496  1519  
1567  1556  1511  1507  1501  1468  1439  1491  1481  1538  1535  1494  1496  1560  1499  1498  1484  1532  1541  1476  
1489  1599  1547  1487  1479  1515  1496  1550  1458  1555  1493  1477  1455  1528  1429  1396  1436  1446  1494  1470  
1556  1521  1506  1500  1550  1511  1457  1557  1502  1518  1482  1511  1433  1447  1600  1497  1442  1485  1481  1471  
1481  1504  1546  1503  1436  1454  1535  1534  1462  1512  1457  1392  1540  1574  1489  1515  1519  1543  1520  1484  
1456  1461  1536  1488  1504  1412  1514  1469  1441  1464  1510  1525  1494  1515  1472  1477  1516  1462  1447  1558  
1445  1492  1604  1504  1506  1530  1504  1466  1565  1541  1490  1498  1553  1574  1537  1402  1394  1463  1540  1499  
1515  1509  1458  1509  1441  1427  1486  1520  1469  1555  1434  1461  1460  1445  1517  1465  1488  1572  1445  1575  
1522  1520  1474  1461  1515  1507  1536  1459  1546  1543  1447  1404  1475  1523  1536  1546  1509  1493  1441  1505  
1518  1581  1517  1525  1449  1531  1453  1505  1505  1503  1498  1512  1462  1493  1552  1434  1523  1605  1537  1400  
1579  1455  1495  1479  1527  1486  1537  1463  1510  1521  1518  1545  1536  1558  1541  1526  1518  1502  1533  1493  
1559  1489  1526  1516  1526  1533  1620  1533  1466  1527  1471  1437  1523  1593  1523  1561  1503  1478  1467  1465  
1511  1478  1467  1456  1486  1542  1560  1482  1441  1534  1523  1512  1511  1511  1462  1456  1564  1507  1532  1536  
