1.20209
1472  1500  1514  1486  1496  1480  1493  1504  1513  1517  1487  1477  1585  1417  1493  1585  1571  1455  1511  1501  
1469  1470  1562  1440  1539  1502  1447  1502  1450  1486  1468  1448  1489  1423  1538  1428  1494  1451  1478  1518  
1520  1552  1582  1518  1521  1514  1529  1479  1481  1586  1521  1604  1498  1545  1496  1493  1451  1505  1487  1485  
1430  1469  1468  1426  1514  1564  1484  1473  1522  1492  1467  1588  1547  1459  1506  1477  1426  1445  1509  1484  
1529  1533  1541  1568  1567  1521  1450  1484  1520  1454  1492  1493  1492  1478  1513  1386  1511  1526  1539  1506  
1493  1569  1523  1485  1512  1526  1441  1369  1434  1457  1529  1525  1447  1453  1509  1612  1565  1559  1525  1587  
1523  1502  1462  1467  1539  1434  1470  1508  1558  1510  1496  1477  1466  1468  1510  1476  1502  1514  1533  1380  
1590  1512  1513  1507  1442  1500  1495  1556  1504  1524  1416  1523  1453  1476  1531  1505  1446  1500  1493  1488  
1506  1478  1502  1516  1513  1490  1426  1486  1469  1440  1468  1494  1500  1493  1466  1521  1465  1488  1447  1538  
1569  1520  1455  1515  1530  1466  1483  1544  1493  1485  1474  1436  1484  1462  1468  1569  1490  1528  1593  1584  
1512  1558  1500  1440  1541  1473  1483  1378  1591  1484  1548  1479  1497  1532  1480  1508  1408  1577  1473  1561  
1469  1506  1523  1471  1501  1488  1488  1573  1512  1485  1549  1501  1473  1509  1424  1440  1516  1562  1479  1430  
1536  1548  1507  1554  1591  1566  1425  1547  1488  1456  1537  1578  1535  1523  1473  1552  1539  1575  1385  1484  
1477  1513  1492  1515  1519  1521  1503  1472  1494  1540  1516  1491  1526  1552  1474  1494  1498  1572  1499  1430  
1485  1449  1499  1495  1525  1568  1555  1515  1483  1514  1524  1544  1543  1378  1459  1457  1479  1453  1482  1589  
1558  1538  1516  1581  1567  1438  1495  1501  1527  1495  1511  1512  1557  1477  1474  1487  1511  1545  1544  1556  
1508  1516  1516  1506  1600  1564  1531  1538  1519  1480  1501  1451  1497  1563  1488  1466  1500  1458  1549  1457  
1568  1452  1528  1563  1529  1526  1466  1578  1522  1392  1522  1484  1541  1541  1418  1464  1512  1468  1534  1489  
1535  1458  1507  1457  1520  1516  1474  1501  1536  1576  1416  1540  1523  1517  1441  1576  1531  1438  1445  1400  
1547  1489  1501  1555  1474  1467  1529  1424  1549  1527  1518  1516  1462  1467  1490  1481  1462  1529  1508  1505  
