1.19443
1545  1502  1449  1484  1502  1450  1402  1496  1482  1545  1393  1586  1554  1440  1517  1472  1421  1512  1510  1529  
1439  1476  1596  1499  1518  1510  1502  1490  1510  1529  1448  1533  1449  1463  1448  1449  1486  1538  1503  1500  
1579  1466  1458  1521  1472  1471  1515  1474  1470  1553  1484  1407  1498  1525  1544  1442  1450  1459  1544  1408  
1451  1548  1375  1494  1445  1503  1498  1462  1505  1480  1477  1492  1504  1529  1515  1537  1443  1482  1496  1505  
1472  1493  1494  1534  1452  1493  1467  1505  1544  1413  1513  1538  1584  1395  1526  1534  1519  1498  1566  1525  
1456  1527  1572  1463  1536  1459  1495  1541  1550  1473  1537  1533  1420  1534  1512  1470  1480  1490  1427  1484  
1467  1475  1454  1496  1460  1465  1500  1433  1433  1533  1500  1427  1487  1491  1457  1519  1493  1479  1486  1493  
1558  1516  1500  1569  1584  1502  1445  1563  1440  1464  1522  1478  1592  1511  1484  1485  1533  1541  1543  1484  
1558  1464  1498  1468  1498  1572  1573  1501  1526  1439  1468  1589  1582  1446  1405  1433  1510  1429  1556  1478  
1476  1584  1441  1531  1537  1473  1437  1487  1450  1455  1491  1477  1532  1594  1543  1460  1474  1481  1449  1462  
1476  1560  1536  1467  1590  1519  1570  1481  1495  1451  1493  1474  1517  1555  1544  1480  1450  1460  1459  1465  
1466  1460  1415  1484  1528  1578  1458  1510  1548  1487  1521  1461  1481  1532  1445  1424  1471  1527  1523  1500  
1484  1423  1467  1469  1527  1562  1459  1410  1464  1461  1479  1515  1574  1489  1524  1571  1529  1509  1481  1486  
1493  1466  1471  1461  1511  1478  1493  1425  1517  1502  1607  1506  1497  1518  1452  1434  1440  1552  1550  1527  
1461  1526  1468  1499  1552  1535  1503  1524  1434  1447  1472  1542  1499  1440  1536  1521  1522  1567  1526  1538  
1505  1470  1481  1474  1557  1515  1427  1480  1489  1532  1569  1495  1472  1470  1473  1466  1470  1454  1497  1526  
1424  1472  1475  1477  1385  1383  1555  1461  1460  1555  1479  1511  1515  1553  1532  1524  1517  1459  1541  1523  
1475  1484  1494  1609  1568  1497  1463  1584  1405  1529  1547  1468  1501  1490  1497  1468  1529  1510  1468  1515  
1524  1554  1508  1569  1484  1533  1434  1472  1494  1532  1483  1482  1503  1509  1477  1486  1548  1526  1518  1512  
1457  1584  1558  1488  1460  1453  1556  1486  1530  1536  1389  1504  1416  1511  1542  1525  1415  1474  1491  1527  
