1.19053
1433  1500  1423  1420  1495  1462  1537  1447  1530  1488  1452  1566  1488  1432  1494  1449  1480  1543  1530  1531  
1557  1403  1446  1547  1415  1416  1425  1423  1532  1493  1440  1495  1523  1594  1535  1513  1550  1435  1445  1523  
1499  1433  1485  1455  1511  1483  1453  1491  1527  1524  1493  1448  1473  1468  1660  1551  1487  1493  1461  1522  
1521  1489  1468  1492  1530  1424  1519  1468  1458  1476  1534  1452  1559  1485  1454  1495  1465  1486  1469  1464  
1547  1473  1484  1455  1462  1480  1417  1475  1473  1388  1547  1450  1546  1438  1501  1490  1539  1586  1418  1541  
1453  1423  1480  1495  1515  1543  1548  1476  1449  1499  1483  1494  1477  1495  1438  1503  1458  1515  1463  1481  
1436  1511  1454  1463  1542  1522  1569  1511  1507  1436  1542  1597  1573  1452  1452  1441  1490  1502  1456  1420  
1498  1521  1429  1497  1495  1447  1539  1494  1463  1481  1505  1509  1461  1427  1476  1515  1572  1509  1506  1460  
1496  1513  1523  1488  1447  1452  1490  1484  1540  1398  1576  1530  1465  1514  1467  1510  1509  1457  1506  1419  
1473  1535  1513  1564  1481  1491  1550  1485  1429  1578  1530  1534  1507  1525  1452  1507  1474  1483  1359  1519  
1496  1503  1540  1413  1541  1466  1466  1561  1455  1436  1533  1489  1486  1475  1518  1571  1471  1484  1425  1485  
1524  1554  1428  1501  1490  1479  1512  1443  1478  1520  1504  1506  1478  1535  1512  1472  1396  1452  1417  1504  
1474  1511  1513  1507  1527  1479  1499  1464  1491  1467  1435  1499  1524  1477  1531  1467  1484  1532  1531  1574  
1517  1459  1472  1498  1505  1450  1477  1428  1531  1543  1501  1543  1537  1438  1505  1525  1564  1424  1499  1449  
1465  1421  1440  1451  1472  1498  1544  1578  1456  1393  1494  1474  1531  1496  1472  1506  1477  1544  1485  1554  
1663  1430  1578  1503  1519  1502  1569  1462  1474  1451  1526  1493  1433  1474  1447  1532  1550  1473  1485  1492  
1478  1492  1413  1508  1504  1467  1492  1559  1427  1545  1466  1541  1495  1501  1477  1464  1408  1519  1448  1398  
1478  1485  1514  1458  1477  1518  1463  1503  1475  1526  1466  1539  1570  1552  1572  1520  1477  1515  1437  1521  
1470  1405  1519  1511  1501  1511  1545  1526  1432  1472  1476  1454  1518  1483  1549  1531  1568  1514  1467  1517  
1474  1534  1487  1455  1521  1521  1453  1417  1495  1550  1484  1503  1550  1519  1490  1474  1460  1451  1502  1598  
