1.19828
1536  1569  1528  1490  1462  1480  1459  1515  1510  1517  1494  1492  1530  1517  1454  1466  1573  1423  1559  1548  
1515  1597  1425  1521  1444  1488  1492  1449  1504  1512  1476  1495  1502  1479  1527  1531  1467  1519  1532  1411  
1515  1511  1401  1480  1435  1520  1549  1472  1479  1422  1515  1490  1446  1484  1423  1475  1468  1435  1402  1406  
1512  1507  1511  1456  1473  1498  1535  1497  1497  1521  1474  1459  1501  1524  1455  1541  1503  1439  1475  1468  
1532  1617  1396  1532  1506  1450  1531  1560  1471  1457  1574  1495  1548  1481  1503  1572  1468  1473  1467  1486  
1463  1550  1449  1591  1485  1506  1467  1511  1465  1490  1515  1476  1486  1433  1434  1464  1513  1548  1490  1584  
1472  1462  1495  1493  1575  1508  1472  1490  1463  1524  1475  1518  1528  1551  1480  1473  1473  1453  1504  1467  
1472  1523  1523  1480  1473  1449  1512  1433  1560  1459  1553  1476  1529  1496  1487  1506  1502  1514  1429  1484  
1537  1542  1488  1546  1524  1511  1515  1489  1550  1494  1518  1564  1474  1545  1507  1467  1491  1529  1499  1464  
1498  1510  1481  1522  1469  1517  1533  1505  1579  1446  1553  1542  1548  1452  1440  1534  1522  1621  1483  1442  
1577  1501  1519  1518  1511  1425  1507  1464  1523  1538  1491  1474  1449  1458  1477  1518  1452  1504  1487  1545  
1440  1513  1587  1471  1501  1415  1510  1488  1509  1480  1499  1453  1515  1536  1509  1478  1464  1537  1503  1520  
1483  1494  1481  1509  1533  1515  1498  1535  1539  1528  1491  1483  1527  1441  1500  1410  1520  1526  1372  1495  
1501  1525  1547  1582  1543  1521  1511  1533  1514  1430  1465  1498  1466  1495  1520  1423  1561  1531  1501  1528  
1558  1483  1403  1557  1449  1383  1482  1474  1408  1496  1475  1560  1561  1443  1494  1484  1531  1503  1470  1516  
1477  1564  1460  1624  1554  1464  1526  1535  1421  1460  1482  1487  1602  1530  1520  1494  1479  1451  1514  1471  
1515  1578  1545  1434  1510  1421  1544  1519  1544  1505  1547  1426  1486  1507  1584  1512  1583  1502  1555  1550  
1548  1518  1484  1524  1526  1431  1478  1582  1540  1543  1427  1450  1564  1476  1519  1536  1513  1475  1510  1497  
1467  1505  1524  1409  1550  1549  1435  1441  1451  1526  1507  1478  1521  1571  1517  1518  1525  1480  1441  1438  
1516  1467  1556  1528  1526  1500  1475  1510  1471  1463  1512  1422  1555  1484  1509  1460  1493  1435  1480  1401  
