1.20097
1470  1553  1449  1496  1504  1507  1450  1508  1456  1521  1536  1503  1556  1462  1493  1481  1474  1501  1447  1462  
1437  1529  1528  1508  1475  1551  1506  1474  1562  1466  1499  1501  1471  1421  1429  1537  1470  1509  1516  1505  
1519  1447  1469  1445  1465  1515  1453  1594  1489  1476  1519  1478  1500  1465  1536  1487  1484  1504  1524  1509  
1526  1558  1528  1480  1539  1499  1545  1461  1466  1488  1448  1540  1547  1529  1521  1502  1500  1508  1501  1488  
1536  1535  1504  1439  1516  1536  1492  1498  1537  1424  1492  1438  1498  1513  1485  1432  1434  1498  1521  1524  
1530  1475  1476  1538  1471  1514  1548  1439  1509  1510  1539  1592  1549  1509  1460  1474  1545  1484  1515  1487  
1438  1452  1585  1485  1481  1550  1458  1473  1542  1475  1493  1446  1496  1489  1517  1532  1510  1600  1477  1526  
1433  1417  1497  1448  1439  1369  1517  1485  1567  1597  1474  1492  1476  1490  1491  1487  1496  1497  1516  1548  
1464  1463  1561  1637  1500  1499  1402  1559  1555  1504  1472  1551  1515  1461  1602  1520  1485  1485  1553  1411  
1570  1425  1569  1560  1501  1573  1481  1509  1538  1449  1508  1494  1529  1477  1484  1516  1539  1485  1454  1478  
1528  1527  1536  1481  1468  1479  1498  1503  1493  1510  1430  1475  1530  1447  1455  1435  1480  1481  1492  1530  
1547  1499  1498  1490  1519  1576  1480  1541  1427  1463  1506  1474  1519  1409  1439  1511  1479  1522  1459  1492  
1567  1528  1468  1410  1496  1509  1481  1476  1492  1521  1508  1561  1471  1519  1578  1499  1528  1496  1499  1501  
1607  1507  1501  1482  1498  1470  1490  1483  1477  1562  1452  1502  1547  1525  1529  1466  1483  1409  1492  1482  
1543  1489  1581  1488  1427  1524  1443  1503  1570  1453  1462  1536  1473  1534  1530  1516  1475  1503  1507  1529  
1468  1569  1571  1448  1418  1506  1469  1559  1526  1424  1460  1556  1463  1439  1444  1532  1508  1501  1533  1523  
1535  1597  1575  1438  1503  1506  1478  1479  1433  1466  1459  1441  1495  1412  1532  1499  1515  1535  1524  1531  
1475  1526  1607  1512  1537  1535  1502  1489  1516  1508  1519  1557  1457  1487  1481  1494  1462  1512  1537  1440  
1521  1607  1556  1548  1566  1445  1512  1478  1456  1533  1514  1576  1498  1556  1493  1550  1513  1574  1463  1534  
1479  1504  1470  1591  1544  1521  1485  1472  1493  1509  1486  1476  1477  1532  1555  1506  1533  1474  1500  1465  
