1.20124
1440  1498  1459  1544  1425  1539  1530  1493  1504  1520  1575  1477  1530  1522  1526  1547  1540  1561  1455  1406  
1487  1477  1516  1474  1465  1531  1491  1544  1504  1499  1486  1472  1485  1449  1481  1491  1468  1499  1526  1564  
1482  1587  1374  1506  1481  1539  1474  1524  1511  1508  1447  1454  1414  1483  1548  1462  1497  1447  1486  1482  
1519  1489  1512  1500  1431  1500  1567  1576  1531  1548  1469  1479  1502  1485  1522  1520  1488  1532  1484  1473  
1537  1568  1544  1593  1612  1439  1453  1538  1531  1481  1426  1534  1570  1492  1504  1516  1553  1433  1531  1516  
1474  1517  1397  1580  1523  1488  1406  1514  1512  1494  1520  1535  1555  1508  1578  1447  1558  1565  1523  1479  
1514  1465  1553  1516  1526  1484  1462  1499  1458  1469  1512  1449  1400  1473  1511  1512  1485  1509  1505  1558  
1457  1465  1468  1441  1515  1498  1519  1537  1496  1396  1529  1468  1499  1489  1462  1461  1476  1491  1509  1493  
1511  1437  1526  1504  1538  1425  1539  1511  1458  1462  1492  1523  1504  1519  1561  1470  1506  1518  1472  1572  
1490  1490  1494  1522  1500  1553  1409  1481  1474  1549  1443  1440  1445  1502  1396  1484  1440  1497  1514  1445  
1491  1560  1581  1455  1557  1570  1533  1525  1508  1516  1528  1499  1524  1504  1502  1462  1463  1487  1549  1464  
1578  1524  1514  1488  1604  1505  1436  1522  1512  1521  1546  1468  1576  1444  1505  1466  1481  1498  1516  1524  
1468  1530  1509  1523  1518  1525  1467  1559  1480  1491  1448  1568  1450  1525  1523  1438  1458  1467  1464  1489  
1521  1450  1492  1434  1493  1511  1474  1506  1520  1515  1442  1518  1534  1469  1421  1521  1476  1506  1472  1486  
1491  1533  1508  1536  1490  1483  1518  1501  1502  1460  1555  1427  1564  1453  1494  1555  1505  1474  1460  1428  
1429  1456  1537  1541  1408  1527  1582  1470  1528  1474  1494  1456  1554  1557  1478  1456  1489  1462  1496  1533  
1460  1451  1480  1498  1484  1609  1515  1483  1511  1533  1505  1512  1534  1543  1462  1498  1432  1463  1521  1456  
1576  1512  1487  1505  1568  1476  1580  1539  1443  1466  1550  1472  1614  1486  1422  1499  1510  1488  1523  1493  
1445  1492  1522  1537  1547  1489  1493  1515  1577  1450  1451  1526  1592  1527  1451  1506  1479  1532  1498  1480  
1518  1512  1570  1499  1507  1460  1526  1488  1531  1561  1573  1496  1505  1476  1467  1422  1531  1535  1510  1477  
