1.20214
1434  1483  1566  1584  1466  1467  1461  1523  1493  1502  1425  1522  1493  1481  1512  1537  1588  1474  1484  1494  
1483  1467  1510  1472  1566  1526  1568  1452  1521  1513  1510  1449  1448  1474  1489  1492  1488  1483  1467  1504  
1527  1518  1529  1535  1550  1499  1483  1535  1568  1477  1524  1519  1516  1382  1479  1455  1395  1537  1534  1540  
1464  1526  1474  1437  1536  1531  1499  1474  1478  1486  1562  1530  1489  1469  1489  1496  1476  1462  1478  1433  
1458  1577  1607  1484  1525  1538  1454  1465  1518  1509  1459  1492  1489  1576  1509  1500  1504  1484  1516  1491  
1479  1586  1494  1449  1515  1463  1525  1434  1496  1490  1514  1509  1480  1456  1481  1525  1497  1490  1536  1447  
1589  1506  1500  1532  1445  1480  1498  1588  1587  1506  1508  1454  1467  1493  1447  1457  1499  1534  1570  1511  
1505  1515  1448  1452  1542  1480  1478  1415  1485  1499  1428  1539  1500  1386  1533  1556  1538  1530  1484  1543  
1538  1554  1528  1476  1527  1484  1436  1505  1512  1514  1491  1486  1508  1419  1498  1553  1475  1503  1507  1542  
1536  1523  1480  1508  1447  1519  1479  1466  1542  1531  1502  1485  1445  1514  1560  1439  1557  1486  1510  1554  
1484  1528  1552  1484  1427  1482  1532  1528  1551  1585  1470  1515  1472  1498  1529  1444  1485  1539  1477  1535  
1537  1512  1640  1562  1535  1535  1544  1461  1503  1509  1506  1465  1509  1434  1474  1498  1441  1495  1525  1527  
1531  1424  1449  1547  1558  1545  1518  1466  1495  1465  1451  1458  1454  1581  1480  1525  1577  1550  1524  1444  
1532  1497  1570  1512  1579  1503  1485  1482  1451  1484  1464  1478  1525  1423  1421  1540  1569  1507  1522  1516  
1478  1503  1475  1440  1555  1514  1513  1481  1577  1549  1566  1583  1535  1390  1510  1512  1473  1494  1460  1454  
1507  1474  1527  1489  1492  1569  1512  1464  1473  1508  1438  1459  1415  1478  1522  1565  1538  1497  1541  1488  
1590  1527  1498  1557  1551  1527  1487  1483  1469  1466  1576  1448  1501  1496  1446  1429  1492  1540  1490  1547  
1522  1495  1506  1486  1528  1575  1509  1563  1558  1527  1455  1487  1501  1446  1545  1461  1529  1507  1462  1492  
1525  1522  1534  1499  1534  1470  1464  1539  1560  1576  1553  1432  1479  1588  1347  1587  1502  1407  1470  1427  
1554  1490  1519  1536  1541  1519  1602  1505  1509  1478  1477  1527  1469  1508  1509  1478  1553  1574  1509  1487  
