1.20136
1489  1452  1441  1554  1552  1605  1531  1571  1467  1526  1475  1511  1498  1549  1558  1487  1477  1537  1350  1488  
1514  1471  1518  1493  1515  1614  1600  1514  1472  1493  1473  1531  1529  1557  1547  1526  1526  1490  1547  1519  
1484  1479  1497  1481  1508  1465  1436  1572  1535  1488  1493  1546  1448  1558  1453  1537  1505  1524  1514  1596  
1492  1528  1595  1538  1488  1498  1515  1538  1549  1456  1498  1494  1543  1533  1439  1462  1423  1501  1466  1551  
1541  1478  1507  1520  1468  1533  1497  1536  1531  1608  1442  1572  1518  1430  1476  1479  1501  1531  1444  1549  
1511  1496  1419  1522  1503  1470  1440  1534  1492  1492  1519  1440  1481  1538  1482  1433  1490  1477  1557  1458  
1478  1488  1497  1562  1557  1571  1447  1526  1541  1487  1594  1403  1476  1468  1439  1465  1485  1455  1500  1475  
1476  1504  1552  1389  1514  1472  1511  1511  1444  1498  1489  1505  1500  1501  1567  1566  1472  1483  1507  1535  
1497  1581  1519  1541  1449  1514  1510  1492  1502  1531  1464  1458  1523  1551  1527  1386  1542  1509  1541  1525  
1529  1488  1493  1483  1448  1461  1497  1478  1491  1481  1588  1549  1433  1569  1535  1462  1519  1547  1503  1530  
1392  1429  1521  1472  1549  1486  1493  1457  1496  1534  1577  1429  1534  1528  1432  1472  1529  1530  1532  1517  
1511  1550  1542  1515  1484  1576  1484  1544  1526  1439  1503  1555  1486  1575  1427  1515  1497  1544  1466  1528  
1466  1456  1555  1515  1560  1519  1546  1508  1407  1500  1497  1526  1463  1444  1545  1508  1421  1539  1419  1426  
1552  1487  1568  1531  1531  1493  1478  1472  1540  1592  1492  1537  1513  1475  1508  1488  1596  1554  1497  1439  
1482  1486  1439  1540  1469  1461  1459  1534  1487  1459  1490  1510  1496  1471  1454  1478  1539  1592  1506  1479  
1462  1590  1475  1497  1531  1390  1509  1583  1421  1533  1500  1451  1487  1444  1432  1585  1427  1491  1494  1544  
1477  1597  1531  1529  1559  1458  1556  1474  1551  1530  1511  1418  1452  1481  1404  1420  1472  1477  1539  1489  
1531  1568  1520  1460  1546  1525  1543  1491  1487  1588  1500  1463  1430  1573  1521  1482  1428  1516  1462  1455  
1522  1518  1507  1496  1465  1510  1544  1513  1460  1522  1480  1499  1527  1609  1463  1555  1495  1416  1522  1410  
1540  1454  1504  1505  1496  1509  1491  1501  1503  1534  1521  1520  1409  1506  1511  1507  1443  1486  1487  1515  
