1.19852
1502  1526  1473  1492  1483  1438  1451  1448  1442  1508  1475  1602  1498  1443  1480  1505  1481  1488  1592  1483  
1495  1569  1569  1550  1510  1585  1443  1456  1333  1452  1502  1572  1433  1531  1564  1478  1514  1412  1493  1507  
1584  1485  1562  1481  1452  1545  1457  1480  1479  1542  1558  1558  1514  1572  1553  1506  1465  1495  1483  1550  
1539  1455  1467  1444  1576  1514  1541  1509  1539  1564  1495  1495  1532  1484  1480  1503  1453  1562  1592  1555  
1433  1453  1433  1450  1483  1558  1515  1511  1553  1600  1476  1495  1475  1547  1522  1568  1498  1490  1493  1539  
1476  1540  1460  1579  1441  1463  1484  1527  1490  1482  1457  1501  1525  1504  1567  1516  1483  1503  1548  1533  
1512  1461  1449  1507  1415  1515  1484  1411  1490  1488  1504  1539  1581  1517  1471  1529  1469  1387  1484  1511  
1516  1501  1466  1490  1432  1469  1460  1408  1505  1488  1499  1599  1448  1547  1517  1441  1530  1467  1499  1599  
1558  1490  1501  1468  1528  1504  1570  1453  1565  1393  1463  1482  1489  1459  1496  1459  1449  1467  1461  1512  
1535  1455  1519  1477  1470  1478  1484  1559  1528  1542  1470  1545  1467  1529  1555  1568  1421  1446  1412  1510  
1482  1506  1475  1480  1497  1517  1493  1531  1468  1580  1451  1469  1476  1554  1430  1453  1521  1506  1522  1472  
1477  1580  1536  1553  1469  1433  1486  1526  1514  1521  1527  1494  1548  1468  1478  1488  1499  1492  1425  1534  
1484  1457  1511  1426  1513  1482  1520  1493  1485  1476  1549  1510  1547  1571  1537  1496  1464  1509  1460  1559  
1515  1548  1552  1467  1518  1521  1542  1518  1477  1536  1592  1410  1513  1464  1584  1465  1450  1480  1546  1533  
1541  1485  1554  1457  1503  1566  1475  1541  1498  1441  1529  1516  1504  1454  1478  1503  1580  1471  1451  1496  
1496  1457  1484  1474  1438  1485  1478  1492  1497  1508  1502  1491  1509  1468  1464  1440  1542  1440  1514  1458  
1508  1413  1516  1521  1523  1542  1550  1500  1591  1511  1440  1562  1501  1507  1481  1511  1482  1457  1494  1528  
1446  1503  1552  1503  1468  1520  1481  1501  1474  1507  1423  1513  1538  1500  1502  1516  1535  1549  1586  1517  
1560  1540  1426  1489  1549  1406  1472  1494  1502  1491  1496  1504  1513  1519  1599  1485  1464  1475  1487  1498  
1491  1492  1493  1489  1471  1461  1498  1471  1499  1484  1527  1443  1477  1557  1516  1479  1477  1505  1503  1512  
