1.08753
1401  1426  1347  1374  1388  1393  1397  1376  1434  1330  1439  1333  1375  1375  1459  1351  1418  1509  1356  1375  
1440  1343  1429  1426  1355  1379  1445  1436  1381  1356  1409  1424  1412  1443  1447  1309  1319  1386  1343  1359  
1365  1406  1382  1389  1339  1344  1304  1348  1353  1427  1365  1446  1342  1410  1400  1311  1423  1362  1377  1434  
1417  1422  1331  1402  1411  1334  1425  1339  1430  1378  1383  1307  1428  1371  1376  1394  1437  1357  1438  1423  
1402  1348  1381  1350  1392  1382  1400  1494  1403  1390  1461  1438  1420  1463  1379  1437  1434  1401  1385  1353  
1402  1409  1394  1452  1387  1324  1411  1427  1365  1284  1382  1370  1329  1365  1429  1374  1448  1299  1372  1414  
1358  1364  1466  1446  1375  1397  1417  1431  1422  1369  1410  1391  1434  1376  1400  1367  1376  1409  1393  1411  
1376  1318  1369  1425  1386  1478  1418  1387  1360  1450  1351  1389  1413  1446  1334  1405  1361  1461  1420  1397  
1304  1305  1405  1412  1501  1367  1406  1306  1379  1417  1423  1359  1393  1420  1343  1351  1389  1346  1272  1411  
1390  1378  1329  1407  1423  1461  1453  1404  1385  1399  1386  1349  1416  1479  1426  1331  1344  1366  1387  1339  
1369  1436  1433  1380  1416  1414  1449  1386  1366  1354  1412  1301  1327  1446  1392  1410  1413  1449  1379  1395  
1454  1410  1397  1385  1385  1410  1299  1463  1390  1388  1408  1387  1434  1376  1352  1356  1357  1376  1406  1410  
1374  1429  1411  1416  1442  1388  1384  1334  1334  1408  1335  1339  1397  1413  1380  1448  1377  1441  1435  1399  
1378  1454  1422  1369  1378  1396  1403  1480  1379  1381  1396  1410  1414  1461  1466  1469  1415  1448  1414  1424  
1500  1391  1359  1337  1428  1376  1400  1368  1394  1362  1404  1393  1354  1398  1363  1389  1403  1334  1380  1486  
1414  1408  1364  1412  1359  1329  1359  1379  1361  1343  1381  1340  1391  1377  1379  1419  1439  1345  1456  1506  
1408  1375  1380  1399  1385  1321  1312  1431  1412  1367  1402  1466  1391  1383  1395  1395  1470  1436  1426  1416  
1354  1371  1428  1369  1359  1407  1444  1454  1465  1384  1368  1357  1462  1463  1391  1318  1403  1449  1435  1411  
1377  1408  1395  1409  1390  1369  1419  1392  1468  1349  1343  1402  1338  1347  1434  1393  1374  1371  1350  1428  
1347  1429  1451  1458  1324  1414  1407  1390  1282  1400  1465  1352  1351  1380  1501  1413  1387  1421  1402  1412  
