1.19952
1519  1542  1520  1501  1501  1440  1480  1544  1439  1470  1509  1594  1538  1560  1501  1485  1473  1472  1530  1541  
1430  1518  1539  1457  1489  1554  1549  1560  1487  1496  1469  1525  1495  1468  1527  1570  1446  1520  1562  1500  
1509  1471  1460  1478  1509  1517  1449  1505  1506  1478  1493  1534  1510  1481  1481  1498  1578  1496  1483  1496  
1537  1510  1558  1471  1444  1472  1548  1478  1497  1576  1560  1527  1467  1458  1434  1488  1539  1523  1601  1535  
1500  1560  1489  1481  1515  1427  1490  1620  1506  1571  1498  1566  1511  1549  1591  1515  1480  1472  1486  1605  
1494  1424  1506  1543  1598  1500  1479  1547  1512  1478  1488  1516  1507  1566  1513  1577  1546  1489  1455  1572  
1510  1494  1482  1465  1494  1485  1478  1507  1469  1491  1562  1457  1500  1519  1480  1502  1482  1470  1588  1517  
1462  1524  1518  1465  1495  1543  1528  1407  1459  1543  1464  1519  1455  1484  1502  1515  1457  1569  1506  1504  
1419  1442  1515  1518  1494  1586  1574  1473  1474  1484  1460  1529  1444  1449  1521  1554  1449  1503  1528  1478  
1470  1533  1456  1465  1540  1527  1506  1518  1452  1526  1508  1462  1455  1530  1489  1504  1501  1576  1530  1436  
1568  1480  1537  1474  1570  1437  1528  1485  1435  1565  1502  1443  1516  1533  1551  1515  1568  1485  1524  1434  
1533  1478  1542  1497  1494  1546  1512  1516  1499  1548  1486  1560  1486  1564  1513  1504  1471  1537  1516  1440  
1490  1438  1447  1548  1514  1504  1581  1569  1468  1452  1456  1492  1453  1515  1540  1406  1485  1465  1550  1519  
1554  1456  1475  1429  1514  1561  1443  1488  1524  1510  1476  1483  1557  1544  1515  1480  1505  1394  1500  1528  
1505  1552  1465  1520  1464  1494  1512  1524  1544  1487  1488  1540  1505  1446  1433  1479  1492  1469  1476  1579  
1468  1473  1504  1444  1443  1540  1538  1546  1399  1487  1515  1510  1533  1501  1445  1493  1490  1493  1524  1454  
1483  1530  1604  1459  1625  1504  1527  1489  1451  1484  1509  1484  1529  1476  1516  1474  1399  1501  1412  1535  
1435  1493  1505  1444  1500  1494  1412  1484  1485  1493  1523  1456  1509  1482  1457  1519  1448  1476  1449  1485  
1524  1469  1542  1506  1468  1515  1554  1462  1453  1424  1480  1503  1506  1514  1441  1488  1496  1456  1525  1522  
1481  1542  1512  1548  1471  1541  1411  1496  1532  1513  1531  1519  1417  1517  1542  1525  1474  1496  1513  1460  
