1.1151
1350  1410  1389  1492  1431  1443  1432  1353  1427  1421  1470  1489  1404  1429  1418  1379  1375  1445  1405  1457  
1383  1422  1418  1442  1464  1438  1441  1485  1388  1415  1448  1451  1414  1408  1362  1341  1474  1472  1401  1431  
1472  1387  1445  1388  1511  1377  1356  1330  1472  1476  1408  1500  1408  1452  1412  1395  1421  1405  1392  1424  
1397  1479  1401  1349  1390  1445  1381  1371  1405  1432  1366  1378  1446  1417  1404  1436  1483  1435  1386  1460  
1304  1442  1445  1494  1407  1390  1459  1465  1398  1447  1453  1407  1387  1427  1435  1388  1367  1416  1369  1445  
1368  1433  1355  1437  1431  1411  1473  1417  1370  1477  1316  1498  1426  1391  1382  1419  1441  1440  1392  1399  
1465  1430  1480  1443  1445  1449  1392  1400  1533  1390  1459  1406  1432  1422  1434  1342  1393  1387  1396  1440  
1410  1376  1352  1533  1357  1404  1474  1414  1390  1413  1435  1422  1467  1427  1423  1448  1388  1399  1382  1342  
1320  1384  1404  1458  1407  1334  1368  1444  1451  1457  1456  1385  1401  1485  1373  1420  1380  1375  1416  1348  
1408  1396  1400  1372  1401  1442  1424  1541  1450  1407  1359  1419  1398  1444  1414  1405  1391  1398  1421  1388  
1358  1458  1367  1440  1408  1404  1341  1357  1350  1435  1389  1350  1425  1407  1413  1389  1371  1465  1368  1430  
1429  1433  1432  1438  1391  1336  1450  1511  1417  1448  1410  1422  1453  1468  1450  1413  1441  1385  1387  1371  
1422  1428  1450  1416  1437  1415  1388  1434  1381  1472  1376  1434  1421  1473  1406  1427  1427  1447  1432  1513  
1426  1468  1360  1446  1398  1552  1422  1376  1403  1395  1360  1433  1491  1365  1433  1443  1414  1499  1452  1491  
1447  1482  1475  1398  1387  1426  1410  1420  1436  1464  1426  1339  1426  1455  1381  1466  1431  1417  1497  1423  
1372  1358  1383  1431  1390  1409  1406  1438  1432  1392  1391  1491  1452  1516  1474  1388  1370  1418  1411  1442  
1468  1428  1406  1481  1400  1393  1430  1410  1364  1415  1392  1471  1430  1358  1450  1442  1474  1433  1404  1419  
1521  1426  1425  1441  1428  1469  1402  1492  1474  1317  1446  1438  1470  1386  1414  1366  1431  1448  1372  1381  
1392  1440  1440  1455  1379  1501  1371  1496  1448  1369  1468  1392  1403  1461  1358  1455  1464  1363  1414  1410  
1371  1436  1411  1321  1430  1389  1458  1439  1434  1424  1511  1357  1486  1340  1441  1401  1469  1460  1440  1466  
