1.19993
1505  1512  1565  1558  1533  1507  1432  1548  1533  1427  1479  1421  1511  1543  1491  1558  1566  1454  1520  1579  
1451  1541  1453  1527  1436  1571  1454  1438  1482  1588  1503  1475  1513  1458  1407  1469  1492  1483  1468  1522  
1475  1555  1485  1450  1503  1544  1478  1531  1507  1515  1519  1524  1516  1497  1495  1495  1493  1494  1492  1531  
1516  1544  1465  1478  1475  1585  1469  1479  1487  1503  1525  1613  1499  1519  1468  1458  1504  1455  1560  1454  
1507  1466  1497  1479  1559  1549  1506  1484  1538  1549  1477  1475  1524  1498  1543  1570  1518  1532  1478  1466  
1509  1531  1468  1443  1464  1499  1490  1515  1531  1487  1533  1496  1526  1508  1511  1471  1508  1528  1463  1458  
1473  1446  1580  1532  1461  1470  1462  1481  1526  1462  1462  1553  1546  1497  1591  1455  1502  1505  1454  1507  
1480  1539  1485  1540  1473  1524  1494  1488  1483  1467  1467  1533  1548  1511  1506  1449  1484  1530  1487  1473  
1505  1435  1445  1481  1498  1491  1539  1462  1518  1575  1556  1467  1484  1450  1487  1503  1475  1461  1481  1539  
1461  1476  1541  1461  1527  1534  1506  1458  1474  1475  1481  1524  1454  1481  1382  1576  1543  1443  1457  1502  
1539  1532  1461  1544  1510  1481  1498  1484  1587  1476  1442  1469  1511  1480  1474  1466  1582  1501  1513  1470  
1474  1532  1518  1487  1547  1357  1492  1503  1428  1533  1573  1533  1462  1513  1490  1536  1535  1485  1489  1492  
1553  1631  1456  1517  1483  1454  1505  1473  1471  1528  1464  1590  1460  1492  1598  1421  1498  1502  1504  1527  
1560  1494  1439  1493  1493  1558  1472  1513  1556  1504  1533  1438  1490  1434  1439  1508  1464  1437  1550  1511  
1498  1494  1504  1562  1472  1524  1576  1519  1607  1496  1471  1450  1462  1502  1514  1452  1570  1495  1505  1437  
1467  1503  1477  1502  1511  1479  1498  1469  1510  1428  1488  1541  1572  1541  1425  1490  1492  1395  1547  1557  
1396  1542  1535  1543  1535  1518  1624  1519  1597  1433  1454  1473  1414  1500  1489  1442  1539  1475  1569  1459  
1552  1566  1527  1523  1469  1450  1516  1546  1478  1489  1472  1517  1497  1444  1476  1551  1525  1525  1484  1496  
1568  1497  1486  1567  1568  1488  1565  1505  1505  1583  1547  1548  1468  1514  1551  1546  1505  1480  1527  1450  
1538  1469  1515  1503  1441  1568  1484  1489  1532  1516  1491  1484  1465  1521  1465  1551  1483  1485  1478  1552  
