1.19897
1554  1482  1464  1469  1505  1574  1586  1560  1528  1477  1451  1479  1581  1481  1469  1452  1512  1479  1471  1437  
1535  1578  1468  1497  1491  1534  1470  1516  1461  1441  1496  1531  1477  1463  1592  1520  1490  1474  1509  1505  
1479  1493  1554  1525  1478  1503  1542  1610  1534  1490  1483  1444  1519  1535  1495  1559  1457  1467  1523  1499  
1463  1591  1514  1493  1481  1448  1528  1518  1532  1510  1434  1538  1514  1491  1490  1486  1519  1432  1445  1486  
1592  1453  1551  1502  1531  1561  1540  1510  1549  1500  1489  1473  1502  1552  1488  1489  1536  1505  1497  1502  
1470  1534  1524  1465  1485  1559  1525  1461  1497  1469  1564  1561  1500  1526  1538  1544  1438  1542  1549  1535  
1402  1575  1499  1484  1441  1536  1474  1479  1481  1535  1552  1530  1444  1473  1498  1515  1514  1482  1410  1538  
1532  1508  1408  1480  1544  1489  1503  1541  1582  1472  1468  1590  1449  1473  1527  1454  1515  1447  1446  1568  
1495  1451  1480  1538  1536  1536  1478  1508  1529  1516  1491  1514  1521  1564  1563  1549  1504  1540  1479  1480  
1430  1518  1466  1492  1504  1417  1480  1493  1418  1470  1474  1471  1570  1435  1524  1429  1499  1503  1433  1511  
1508  1417  1403  1515  1441  1480  1570  1420  1521  1483  1495  1483  1479  1516  1452  1417  1606  1519  1610  1625  
1463  1488  1473  1526  1554  1475  1458  1455  1561  1476  1494  1424  1475  1521  1497  1520  1529  1497  1517  1519  
1447  1511  1496  1477  1485  1421  1481  1531  1497  1549  1502  1484  1487  1457  1494  1493  1556  1517  1436  1521  
1512  1525  1487  1620  1517  1478  1539  1500  1436  1469  1473  1499  1476  1499  1522  1445  1515  1498  1548  1492  
1538  1517  1477  1452  1400  1486  1517  1474  1492  1521  1504  1578  1548  1501  1531  1525  1442  1543  1524  1481  
1552  1501  1544  1480  1457  1486  1449  1470  1508  1502  1569  1524  1436  1593  1446  1481  1491  1543  1431  1464  
1417  1519  1455  1544  1426  1446  1436  1477  1402  1508  1460  1385  1514  1486  1501  1494  1520  1500  1490  1522  
1510  1411  1553  1517  1424  1524  1450  1519  1448  1525  1525  1554  1620  1458  1529  1471  1508  1499  1497  1509  
1477  1477  1466  1463  1576  1520  1439  1514  1480  1458  1513  1522  1465  1451  1513  1515  1535  1475  1482  1519  
1460  1491  1547  1503  1409  1519  1501  1462  1478  1476  1511  1411  1442  1481  1450  1460  1518  1518  1491  1482  
