1.20034
1528  1587  1515  1562  1539  1544  1556  1401  1484  1542  1520  1557  1508  1427  1514  1417  1518  1495  1589  1487  
1498  1454  1530  1520  1465  1584  1429  1472  1418  1559  1477  1543  1425  1491  1502  1521  1491  1485  1539  1429  
1579  1478  1535  1531  1552  1506  1533  1479  1558  1477  1526  1456  1483  1442  1472  1497  1515  1536  1463  1548  
1498  1517  1477  1530  1501  1480  1472  1455  1423  1530  1484  1512  1557  1513  1504  1561  1542  1514  1570  1527  
1477  1493  1492  1452  1434  1445  1528  1427  1523  1626  1544  1494  1530  1490  1534  1463  1470  1529  1483  1506  
1511  1495  1581  1470  1511  1479  1468  1486  1470  1473  1441  1494  1499  1532  1526  1467  1549  1526  1519  1432  
1526  1518  1541  1523  1488  1585  1446  1434  1510  1602  1546  1571  1496  1425  1572  1486  1537  1455  1534  1531  
1508  1472  1520  1488  1455  1550  1491  1518  1547  1494  1477  1545  1556  1586  1494  1478  1494  1446  1425  1492  
1548  1500  1506  1485  1404  1413  1462  1400  1420  1512  1597  1471  1562  1537  1420  1488  1554  1514  1514  1515  
1524  1545  1494  1488  1465  1475  1511  1471  1549  1419  1563  1489  1507  1472  1554  1483  1563  1410  1506  1501  
1512  1484  1554  1479  1543  1530  1460  1538  1512  1472  1446  1447  1539  1478  1486  1454  1431  1528  1459  1483  
1504  1477  1422  1547  1511  1561  1500  1515  1577  1476  1446  1458  1506  1467  1440  1414  1522  1486  1444  1557  
1538  1423  1474  1453  1479  1485  1502  1450  1447  1495  1588  1457  1430  1564  1415  1434  1529  1489  1512  1561  
1486  1543  1500  1449  1510  1532  1508  1523  1479  1535  1578  1550  1434  1462  1526  1493  1483  1422  1449  1488  
1490  1497  1548  1546  1508  1541  1549  1502  1479  1487  1571  1564  1583  1485  1555  1520  1466  1529  1479  1488  
1531  1488  1469  1428  1521  1519  1448  1461  1583  1557  1475  1516  1483  1457  1432  1527  1495  1408  1498  1492  
1442  1584  1491  1482  1435  1603  1412  1609  1511  1514  1559  1473  1497  1530  1550  1505  1474  1442  1460  1435  
1572  1492  1452  1556  1467  1474  1491  1504  1594  1436  1589  1550  1449  1528  1502  1431  1529  1451  1559  1441  
1447  1551  1510  1531  1472  1564  1427  1528  1517  1422  1505  1584  1509  1553  1475  1459  1459  1438  1469  1519  
1503  1461  1480  1548  1521  1552  1518  1459  1500  1456  1535  1490  1502  1543  1469  1463  1601  1480  1486  1503  
