1.201
1578  1492  1481  1503  1551  1485  1496  1502  1494  1496  1433  1414  1551  1527  1601  1478  1480  1555  1516  1554  
1450  1493  1492  1513  1416  1533  1517  1485  1519  1502  1511  1524  1471  1463  1542  1448  1538  1502  1529  1514  
1481  1485  1555  1456  1537  1501  1442  1558  1544  1544  1531  1467  1482  1480  1480  1562  1574  1406  1490  1543  
1454  1507  1531  1480  1574  1461  1441  1536  1478  1532  1472  1517  1514  1513  1540  1442  1486  1523  1489  1547  
1521  1519  1473  1462  1454  1573  1442  1467  1423  1496  1414  1573  1545  1484  1544  1425  1489  1568  1483  1496  
1507  1480  1515  1548  1544  1527  1531  1544  1539  1375  1503  1486  1626  1476  1506  1517  1481  1446  1547  1524  
1518  1494  1465  1461  1515  1540  1575  1439  1496  1474  1542  1548  1523  1570  1518  1516  1423  1531  1472  1573  
1464  1483  1427  1492  1519  1540  1504  1480  1513  1474  1543  1502  1484  1456  1505  1524  1541  1576  1480  1437  
1546  1526  1467  1594  1521  1529  1547  1541  1457  1480  1428  1467  1527  1471  1533  1473  1499  1502  1523  1445  
1526  1467  1487  1527  1458  1456  1453  1529  1453  1537  1548  1507  1560  1490  1452  1556  1515  1509  1564  1451  
1518  1515  1415  1525  1505  1458  1461  1408  1559  1414  1551  1532  1501  1521  1423  1530  1525  1438  1550  1558  
1563  1471  1537  1544  1529  1498  1510  1509  1472  1509  1493  1494  1499  1514  1480  1518  1552  1496  1544  1550  
1513  1547  1484  1464  1468  1520  1478  1534  1532  1450  1522  1556  1432  1473  1423  1560  1519  1549  1520  1508  
1523  1536  1513  1491  1458  1465  1411  1516  1561  1525  1540  1465  1547  1531  1481  1494  1543  1504  1502  1443  
1611  1477  1453  1484  1640  1490  1412  1433  1449  1498  1476  1401  1466  1454  1462  1471  1420  1607  1551  1430  
1471  1541  1526  1482  1464  1491  1553  1597  1527  1503  1519  1438  1454  1545  1517  1456  1486  1585  1509  1489  
1571  1596  1529  1505  1518  1492  1484  1465  1457  1451  1512  1469  1477  1412  1509  1516  1502  1505  1418  1535  
1465  1549  1557  1555  1494  1493  1533  1514  1494  1471  1546  1474  1556  1471  1434  1475  1557  1453  1510  1503  
1564  1490  1465  1500  1529  1495  1482  1560  1494  1558  1495  1448  1475  1458  1574  1502  1411  1479  1493  1561  
1524  1543  1553  1538  1454  1502  1468  1550  1525  1498  1549  1445  1520  1385  1529  1480  1444  1437  1523  1519  
