1.19847
1538  1487  1468  1432  1508  1482  1526  1448  1566  1429  1502  1521  1468  1483  1511  1398  1475  1478  1464  1424  
1493  1512  1437  1500  1529  1535  1480  1406  1525  1479  1489  1552  1450  1442  1563  1511  1491  1417  1485  1417  
1466  1523  1565  1490  1542  1471  1353  1501  1441  1553  1472  1472  1561  1478  1476  1431  1507  1511  1523  1514  
1492  1548  1468  1453  1464  1444  1459  1442  1519  1498  1539  1556  1488  1598  1508  1523  1486  1477  1522  1444  
1479  1527  1470  1556  1571  1430  1523  1524  1492  1449  1509  1451  1459  1495  1542  1476  1492  1451  1483  1493  
1548  1467  1542  1541  1547  1513  1493  1443  1594  1504  1458  1549  1487  1530  1579  1485  1517  1553  1437  1522  
1476  1583  1517  1483  1506  1479  1539  1459  1443  1444  1542  1490  1594  1474  1465  1439  1408  1491  1435  1595  
1508  1491  1474  1509  1552  1540  1548  1471  1507  1517  1593  1519  1509  1481  1502  1489  1469  1439  1411  1511  
1497  1547  1515  1519  1463  1506  1599  1505  1521  1497  1479  1525  1514  1469  1473  1553  1501  1523  1402  1496  
1527  1494  1522  1547  1496  1468  1448  1435  1543  1497  1528  1530  1557  1492  1516  1489  1522  1495  1482  1486  
1509  1445  1498  1493  1579  1491  1476  1533  1506  1472  1480  1464  1499  1501  1555  1577  1458  1488  1482  1437  
1455  1538  1542  1571  1530  1451  1435  1545  1489  1497  1476  1549  1572  1515  1600  1453  1506  1480  1556  1547  
1541  1456  1572  1482  1436  1509  1566  1410  1452  1544  1467  1449  1430  1438  1494  1499  1513  1579  1500  1477  
1471  1550  1529  1528  1502  1424  1509  1457  1473  1507  1464  1397  1443  1492  1453  1480  1507  1430  1462  1440  
1475  1491  1504  1566  1411  1463  1433  1501  1418  1538  1526  1535  1535  1496  1556  1542  1517  1440  1448  1620  
1463  1578  1546  1485  1513  1469  1520  1520  1458  1513  1545  1510  1464  1518  1485  1494  1506  1486  1556  1461  
1566  1511  1514  1532  1532  1472  1551  1559  1562  1581  1504  1463  1512  1459  1444  1416  1502  1511  1470  1493  
1500  1467  1497  1531  1515  1501  1451  1502  1531  1543  1487  1481  1491  1458  1521  1519  1522  1463  1527  1563  
1539  1538  1429  1593  1402  1438  1526  1361  1469  1506  1563  1532  1491  1487  1457  1544  1423  1440  1515  1440  
1504  1544  1442  1512  1491  1559  1565  1511  1422  1499  1492  1458  1599  1559  1484  1504  1553  1478  1510  1485  
