1.04989
1401  1361  1349  1354  1389  1421  1340  1310  1342  1350  1433  1348  1436  1336  1434  1320  1326  1320  1356  1379  
1324  1306  1320  1413  1330  1324  1400  1357  1298  1346  1384  1415  1275  1403  1358  1338  1349  1360  1335  1346  
1364  1324  1381  1377  1343  1335  1389  1272  1391  1252  1367  1338  1391  1347  1372  1323  1359  1359  1346  1308  
1347  1334  1307  1277  1339  1310  1363  1436  1420  1352  1315  1359  1446  1477  1363  1410  1369  1362  1363  1339  
1363  1264  1395  1262  1371  1423  1306  1384  1312  1314  1333  1348  1312  1366  1292  1373  1449  1317  1339  1340  
1414  1428  1399  1356  1344  1330  1350  1391  1371  1347  1388  1379  1346  1374  1402  1289  1337  1383  1405  1374  
1325  1315  1359  1387  1376  1368  1349  1268  1370  1337  1409  1334  1348  1403  1348  1332  1423  1387  1348  1328  
1304  1369  1404  1360  1366  1301  1378  1379  1325  1293  1445  1335  1336  1392  1325  1339  1341  1316  1361  1336  
1468  1304  1357  1370  1370  1380  1432  1384  1353  1367  1341  1281  1343  1343  1295  1325  1416  1355  1349  1391  
1388  1376  1361  1340  1390  1412  1380  1345  1362  1381  1308  1377  1423  1321  1362  1316  1386  1343  1313  1317  
1340  1434  1370  1318  1391  1456  1438  1379  1428  1405  1364  1343  1276  1364  1367  1405  1354  1421  1395  1443  
1483  1400  1326  1427  1313  1283  1324  1268  1350  1316  1366  1346  1334  1368  1359  1320  1448  1414  1356  1379  
1328  1343  1322  1346  1404  1358  1365  1338  1315  1392  1325  1340  1298  1364  1364  1355  1309  1440  1374  1389  
1403  1417  1360  1328  1404  1303  1442  1381  1289  1384  1300  1304  1344  1401  1445  1385  1364  1374  1413  1462  
1403  1371  1339  1364  1375  1402  1353  1335  1309  1257  1404  1411  1305  1355  1397  1346  1381  1383  1377  1389  
1351  1384  1297  1368  1330  1301  1350  1342  1382  1427  1367  1382  1374  1346  1326  1346  1473  1433  1289  1377  
1384  1316  1305  1348  1286  1340  1298  1409  1366  1348  1323  1383  1370  1360  1340  1375  1319  1367  1361  1417  
1241  1327  1350  1375  1402  1418  1385  1402  1365  1251  1299  1280  1400  1328  1406  1342  1325  1358  1406  1351  
1398  1385  1364  1372  1305  1342  1396  1409  1297  1384  1435  1348  1427  1334  1303  1410  1379  1345  1328  1305  
1327  1352  1337  1427  1308  1364  1406  1400  1347  1379  1341  1314  1362  1338  1335  1352  1350  1363  1360  1440  
