1.19931
1462  1467  1474  1548  1511  1582  1488  1554  1496  1499  1467  1460  1508  1540  1540  1458  1578  1504  1503  1533  
1484  1447  1519  1480  1547  1466  1479  1557  1568  1496  1512  1458  1514  1489  1573  1492  1483  1513  1541  1488  
1463  1435  1487  1579  1480  1514  1519  1516  1551  1493  1492  1521  1583  1522  1459  1501  1526  1429  1561  1463  
1526  1567  1523  1481  1502  1503  1548  1477  1517  1507  1599  1492  1489  1443  1535  1490  1533  1466  1493  1570  
1525  1556  1505  1483  1460  1490  1541  1486  1489  1478  1531  1553  1601  1521  1570  1443  1498  1546  1453  1521  
1493  1528  1516  1475  1558  1524  1514  1470  1471  1473  1509  1517  1492  1547  1486  1483  1553  1443  1584  1461  
1554  1561  1513  1436  1507  1453  1623  1471  1588  1455  1562  1486  1542  1528  1510  1523  1474  1496  1526  1438  
1453  1546  1478  1574  1533  1558  1585  1481  1537  1471  1499  1471  1587  1451  1487  1572  1525  1419  1537  1456  
1487  1534  1461  1459  1549  1524  1497  1540  1541  1509  1521  1543  1459  1548  1430  1460  1473  1451  1469  1537  
1487  1522  1512  1539  1478  1545  1464  1499  1483  1491  1499  1462  1522  1462  1518  1517  1511  1509  1523  1459  
1540  1518  1450  1493  1536  1491  1520  1448  1484  1461  1510  1573  1476  1467  1545  1502  1464  1545  1535  1436  
1535  1488  1510  1460  1486  1496  1582  1471  1518  1502  1494  1499  1387  1477  1570  1511  1524  1474  1551  1495  
1529  1446  1501  1456  1515  1513  1448  1467  1420  1519  1507  1534  1487  1557  1451  1531  1519  1450  1437  1586  
1498  1510  1437  1525  1493  1515  1494  1469  1445  1482  1529  1552  1561  1545  1528  1486  1512  1428  1496  1491  
1493  1505  1470  1512  1449  1473  1536  1569  1502  1500  1455  1424  1439  1449  1444  1589  1454  1531  1476  1459  
1505  1511  1494  1535  1515  1466  1456  1478  1467  1453  1497  1486  1488  1437  1502  1507  1418  1480  1496  1517  
1499  1456  1463  1501  1510  1506  1508  1494  1427  1429  1480  1470  1506  1485  1483  1502  1466  1591  1442  1492  
1431  1496  1556  1476  1405  1422  1576  1507  1496  1507  1455  1549  1526  1517  1532  1494  1531  1558  1518  1383  
1502  1461  1560  1442  1459  1469  1454  1453  1494  1495  1540  1517  1485  1498  1493  1412  1471  1454  1455  1496  
1431  1480  1497  1565  1502  1586  1441  1496  1525  1470  1483  1494  1575  1404  1514  1466  1489  1459  1499  1480  
