1.19969
1576  1625  1552  1457  1584  1543  1507  1642  1584  1496  1441  1541  1545  1440  1517  1594  1497  1533  1466  1544  
1512  1506  1568  1526  1503  1473  1523  1488  1476  1475  1587  1422  1477  1482  1501  1471  1511  1547  1520  1490  
1451  1473  1493  1541  1485  1489  1472  1453  1478  1524  1522  1484  1525  1536  1560  1502  1518  1475  1409  1534  
1532  1572  1453  1525  1535  1439  1558  1567  1534  1555  1440  1439  1463  1585  1523  1509  1608  1440  1450  1490  
1547  1545  1543  1532  1588  1569  1504  1509  1487  1468  1566  1500  1432  1540  1502  1481  1453  1481  1434  1499  
1487  1569  1504  1464  1423  1493  1433  1440  1584  1536  1565  1518  1502  1479  1521  1506  1541  1496  1483  1544  
1423  1523  1557  1521  1459  1501  1536  1549  1556  1514  1490  1578  1580  1472  1512  1543  1429  1472  1418  1465  
1477  1427  1456  1537  1531  1422  1566  1506  1541  1553  1515  1512  1496  1537  1495  1606  1523  1525  1508  1565  
1467  1477  1466  1548  1496  1481  1457  1487  1559  1588  1498  1507  1527  1493  1514  1429  1575  1468  1526  1592  
1465  1422  1465  1521  1495  1429  1492  1489  1563  1519  1480  1444  1458  1498  1498  1507  1484  1444  1456  1590  
1420  1476  1457  1545  1586  1439  1406  1422  1542  1516  1497  1436  1489  1482  1520  1494  1521  1539  1494  1532  
1478  1507  1508  1460  1459  1439  1446  1519  1511  1537  1493  1524  1520  1519  1518  1494  1532  1512  1452  1496  
1517  1456  1558  1478  1494  1449  1494  1489  1474  1485  1481  1480  1488  1512  1543  1367  1431  1610  1548  1517  
1506  1507  1446  1505  1504  1558  1521  1547  1457  1412  1488  1483  1565  1523  1551  1504  1492  1545  1527  1468  
1464  1493  1482  1459  1448  1451  1513  1460  1438  1525  1469  1496  1485  1521  1464  1437  1458  1474  1526  1536  
1582  1443  1462  1524  1484  1539  1555  1447  1503  1536  1432  1527  1556  1453  1533  1408  1486  1500  1447  1535  
1481  1428  1482  1482  1468  1384  1514  1509  1462  1483  1554  1440  1547  1420  1518  1467  1552  1481  1461  1542  
1421  1537  1550  1490  1505  1543  1488  1480  1433  1493  1539  1478  1454  1495  1497  1511  1497  1487  1422  1485  
1485  1485  1516  1403  1519  1500  1496  1430  1397  1532  1446  1442  1508  1447  1539  1451  1453  1516  1440  1523  
1463  1570  1558  1437  1477  1482  1447  1488  1447  1463  1490  1453  1499  1565  1486  1507  1513  1494  1476  1468  
