1.20059
1480  1430  1493  1520  1511  1566  1591  1468  1471  1503  1539  1557  1488  1471  1427  1517  1415  1464  1525  1562  
1438  1498  1532  1523  1459  1519  1600  1489  1568  1569  1435  1474  1451  1458  1494  1518  1533  1523  1525  1522  
1482  1530  1527  1487  1517  1520  1455  1518  1557  1554  1523  1539  1563  1454  1472  1557  1473  1425  1537  1408  
1554  1471  1511  1439  1464  1518  1515  1426  1524  1410  1546  1521  1533  1497  1462  1468  1440  1431  1438  1576  
1596  1577  1483  1519  1453  1526  1492  1524  1480  1440  1508  1540  1475  1526  1489  1516  1537  1464  1521  1496  
1488  1481  1533  1554  1439  1482  1500  1534  1515  1498  1545  1513  1477  1444  1576  1431  1449  1470  1542  1501  
1446  1456  1522  1546  1528  1532  1531  1543  1551  1553  1412  1520  1474  1533  1490  1499  1494  1542  1522  1490  
1518  1528  1463  1425  1549  1493  1560  1524  1521  1450  1460  1481  1563  1489  1517  1467  1468  1490  1555  1526  
1434  1475  1485  1472  1574  1482  1481  1583  1441  1463  1498  1498  1503  1481  1539  1516  1510  1498  1496  1485  
1531  1563  1422  1476  1537  1558  1523  1544  1454  1569  1594  1483  1475  1556  1536  1535  1443  1507  1548  1487  
1523  1505  1455  1512  1478  1523  1491  1451  1522  1425  1505  1491  1480  1557  1507  1491  1422  1506  1506  1476  
1517  1485  1530  1484  1494  1450  1538  1555  1532  1537  1512  1497  1497  1543  1507  1473  1406  1536  1533  1568  
1461  1495  1460  1503  1490  1632  1659  1446  1487  1587  1501  1442  1540  1448  1484  1462  1510  1537  1469  1479  
1503  1522  1453  1427  1443  1468  1467  1460  1518  1477  1570  1608  1528  1477  1530  1505  1450  1542  1549  1430  
1466  1529  1564  1450  1555  1426  1439  1471  1412  1473  1574  1537  1537  1516  1574  1518  1571  1490  1510  1503  
1493  1458  1493  1506  1434  1621  1501  1495  1503  1431  1580  1443  1535  1517  1464  1477  1424  1490  1505  1456  
1551  1518  1440  1443  1530  1470  1547  1497  1432  1464  1491  1502  1483  1536  1465  1519  1468  1494  1471  1568  
1438  1464  1497  1490  1504  1527  1489  1555  1551  1494  1501  1440  1510  1542  1484  1542  1550  1412  1491  1478  
1540  1545  1560  1540  1486  1535  1473  1439  1477  1440  1530  1489  1490  1508  1437  1511  1415  1503  1508  1498  
1521  1533  1373  1536  1534  1531  1503  1463  1514  1474  1471  1509  1450  1507  1431  1474  1467  1612  1545  1473  
