1.19995
1482  1548  1532  1516  1478  1453  1568  1525  1491  1599  1488  1471  1479  1545  1522  1514  1497  1459  1569  1555  
1530  1539  1537  1505  1518  1508  1491  1572  1476  1424  1592  1493  1506  1430  1589  1514  1469  1550  1636  1518  
1480  1501  1535  1519  1423  1473  1473  1493  1537  1475  1481  1506  1504  1439  1569  1461  1470  1477  1531  1507  
1504  1547  1511  1471  1499  1504  1444  1517  1396  1477  1455  1526  1488  1409  1474  1472  1515  1531  1475  1403  
1583  1446  1481  1467  1421  1504  1528  1578  1493  1448  1470  1441  1512  1472  1500  1470  1490  1471  1470  1492  
1492  1512  1537  1567  1534  1526  1471  1429  1440  1564  1415  1471  1514  1519  1517  1482  1510  1459  1456  1510  
1496  1569  1506  1510  1537  1603  1564  1490  1495  1526  1514  1524  1422  1530  1462  1419  1525  1530  1489  1500  
1571  1441  1479  1527  1451  1546  1507  1454  1454  1494  1453  1455  1573  1428  1513  1486  1493  1361  1458  1546  
1464  1514  1531  1560  1393  1472  1557  1480  1598  1439  1534  1447  1495  1512  1520  1451  1520  1474  1582  1424  
1422  1486  1425  1505  1489  1540  1422  1481  1448  1554  1509  1463  1482  1544  1495  1487  1480  1463  1587  1517  
1506  1504  1447  1501  1503  1533  1532  1516  1492  1508  1484  1602  1553  1504  1495  1452  1527  1532  1485  1517  
1565  1510  1555  1550  1521  1466  1482  1543  1461  1469  1467  1518  1453  1514  1548  1436  1475  1526  1532  1452  
1547  1549  1476  1513  1466  1465  1457  1585  1537  1524  1522  1484  1510  1479  1545  1504  1521  1578  1438  1489  
1506  1393  1585  1443  1478  1494  1460  1537  1609  1555  1447  1554  1417  1404  1471  1541  1552  1402  1460  1476  
1478  1526  1556  1422  1568  1498  1541  1526  1531  1498  1456  1541  1514  1477  1510  1464  1527  1477  1445  1526  
1466  1499  1549  1508  1563  1519  1485  1514  1536  1464  1517  1550  1503  1512  1417  1423  1432  1615  1458  1494  
1534  1585  1530  1514  1552  1539  1464  1482  1550  1485  1527  1466  1432  1486  1525  1492  1431  1468  1464  1509  
1494  1525  1493  1522  1459  1454  1481  1444  1535  1614  1495  1456  1482  1383  1531  1452  1521  1546  1499  1464  
1539  1506  1558  1468  1539  1537  1416  1520  1511  1477  1460  1482  1493  1530  1459  1469  1502  1483  1496  1521  
1526  1465  1497  1458  1517  1534  1546  1536  1516  1445  1481  1543  1537  1473  1465  1546  1447  1475  1488  1528  
