1.19951
1577  1523  1546  1482  1561  1472  1461  1453  1494  1468  1502  1555  1446  1512  1467  1520  1556  1504  1555  1481  
1473  1507  1522  1583  1484  1499  1581  1535  1514  1522  1537  1494  1452  1502  1453  1505  1510  1526  1533  1496  
1511  1517  1545  1558  1446  1545  1479  1492  1485  1564  1487  1531  1513  1460  1539  1558  1525  1412  1584  1456  
1598  1480  1558  1458  1474  1578  1498  1485  1448  1493  1550  1507  1511  1529  1546  1476  1404  1476  1515  1584  
1530  1491  1501  1458  1474  1537  1571  1461  1476  1501  1533  1483  1546  1508  1576  1501  1488  1489  1453  1492  
1528  1519  1458  1499  1478  1479  1509  1456  1496  1470  1602  1513  1584  1541  1469  1516  1525  1495  1504  1523  
1511  1456  1539  1540  1471  1544  1523  1543  1488  1511  1523  1392  1522  1448  1435  1551  1536  1476  1439  1472  
1449  1482  1518  1554  1430  1523  1450  1535  1607  1499  1532  1465  1538  1444  1414  1462  1523  1578  1367  1518  
1499  1432  1501  1489  1488  1510  1476  1415  1421  1484  1544  1474  1509  1500  1499  1524  1543  1446  1510  1520  
1545  1472  1511  1497  1439  1586  1571  1503  1449  1557  1503  1563  1494  1582  1521  1475  1475  1464  1509  1407  
1511  1534  1455  1498  1491  1535  1447  1447  1540  1485  1440  1503  1455  1522  1513  1491  1492  1545  1538  1452  
1546  1561  1490  1535  1432  1443  1516  1467  1511  1526  1519  1521  1452  1486  1528  1450  1528  1583  1475  1500  
1446  1453  1491  1470  1481  1530  1557  1464  1470  1477  1485  1497  1497  1482  1484  1540  1461  1514  1448  1480  
1552  1541  1406  1504  1486  1541  1550  1482  1506  1541  1509  1475  1559  1514  1483  1463  1476  1527  1491  1535  
1521  1524  1484  1444  1459  1503  1477  1458  1501  1519  1493  1556  1494  1494  1448  1451  1457  1465  1526  1612  
1423  1425  1534  1498  1473  1424  1511  1431  1560  1582  1493  1474  1463  1510  1521  1444  1550  1486  1484  1466  
1545  1424  1550  1463  1470  1544  1465  1416  1509  1450  1465  1491  1498  1479  1549  1483  1511  1475  1425  1454  
1514  1498  1511  1525  1494  1510  1520  1429  1489  1481  1497  1408  1530  1537  1498  1450  1506  1500  1489  1497  
1470  1539  1516  1502  1448  1556  1475  1484  1541  1504  1455  1515  1513  1501  1455  1532  1491  1533  1467  1461  
1530  1529  1477  1473  1485  1480  1428  1462  1426  1515  1492  1484  1444  1495  1508  1516  1487  1490  1505  1485  
