1.19743
1526  1537  1535  1472  1439  1452  1387  1567  1578  1465  1528  1556  1554  1503  1449  1463  1507  1518  1469  1404  
1506  1516  1472  1476  1525  1524  1457  1519  1466  1486  1522  1572  1473  1546  1556  1503  1496  1558  1470  1529  
1469  1559  1492  1470  1476  1446  1500  1445  1524  1505  1459  1515  1479  1519  1487  1359  1571  1468  1524  1458  
1479  1510  1440  1485  1468  1484  1462  1534  1514  1637  1409  1457  1451  1530  1482  1482  1493  1465  1459  1433  
1518  1508  1551  1469  1535  1535  1472  1516  1480  1609  1528  1606  1473  1541  1497  1456  1414  1550  1575  1543  
1508  1480  1507  1473  1607  1513  1508  1462  1474  1532  1535  1424  1491  1544  1540  1425  1459  1502  1518  1541  
1592  1531  1566  1525  1529  1497  1501  1524  1539  1521  1435  1552  1381  1496  1392  1478  1494  1536  1409  1493  
1505  1468  1498  1553  1617  1510  1537  1604  1493  1541  1533  1543  1429  1595  1434  1406  1486  1490  1493  1434  
1549  1487  1604  1498  1451  1473  1492  1462  1491  1477  1498  1438  1469  1483  1458  1460  1454  1512  1475  1516  
1458  1493  1525  1430  1523  1498  1470  1509  1560  1515  1543  1430  1560  1485  1456  1511  1554  1483  1517  1502  
1473  1442  1513  1487  1560  1557  1501  1519  1548  1433  1548  1542  1577  1461  1469  1584  1465  1487  1539  1527  
1463  1464  1504  1536  1529  1479  1460  1492  1578  1500  1442  1471  1446  1521  1456  1530  1497  1450  1433  1516  
1585  1549  1501  1510  1453  1431  1478  1434  1551  1479  1485  1539  1477  1460  1517  1497  1485  1446  1451  1532  
1485  1521  1459  1479  1527  1453  1556  1453  1468  1532  1473  1519  1489  1503  1504  1485  1493  1544  1506  1533  
1466  1514  1551  1479  1414  1573  1466  1478  1479  1535  1483  1467  1497  1479  1499  1479  1521  1532  1453  1512  
1549  1429  1451  1433  1452  1444  1520  1487  1577  1580  1536  1453  1499  1519  1473  1535  1514  1477  1494  1571  
1469  1520  1473  1470  1409  1503  1498  1488  1451  1540  1479  1473  1508  1515  1585  1519  1451  1464  1485  1489  
1458  1497  1487  1597  1453  1505  1485  1485  1490  1459  1538  1479  1487  1472  1504  1491  1474  1504  1518  1569  
1532  1536  1594  1471  1450  1501  1497  1486  1407  1474  1572  1511  1460  1477  1473  1408  1454  1524  1441  1564  
1486  1448  1546  1601  1453  1585  1522  1511  1547  1437  1485  1495  1502  1496  1523  1559  1533  1541  1415  1474  
