1.13593
1365  1414  1441  1413  1441  1413  1419  1462  1415  1426  1441  1414  1462  1436  1396  1439  1427  1458  1413  1467  
1497  1401  1457  1462  1452  1445  1432  1432  1415  1476  1428  1438  1402  1411  1386  1456  1400  1499  1478  1544  
1456  1472  1482  1441  1455  1416  1478  1484  1404  1437  1431  1468  1502  1396  1479  1515  1516  1385  1430  1421  
1400  1409  1410  1359  1418  1475  1474  1519  1411  1471  1444  1517  1439  1392  1404  1441  1404  1464  1498  1405  
1352  1428  1554  1463  1392  1459  1413  1408  1424  1411  1439  1448  1453  1498  1409  1412  1412  1499  1400  1424  
1422  1424  1465  1395  1436  1422  1467  1463  1397  1478  1492  1459  1465  1398  1430  1453  1424  1419  1405  1513  
1400  1432  1541  1435  1359  1442  1470  1342  1469  1458  1427  1496  1455  1454  1454  1411  1383  1462  1373  1471  
1418  1454  1386  1511  1400  1434  1428  1485  1358  1418  1477  1388  1395  1394  1403  1456  1399  1503  1440  1367  
1387  1421  1431  1468  1451  1376  1455  1405  1472  1419  1499  1458  1384  1463  1450  1420  1393  1333  1420  1411  
1427  1368  1502  1512  1344  1468  1462  1479  1451  1453  1338  1378  1455  1495  1391  1377  1413  1433  1495  1340  
1428  1436  1407  1448  1420  1356  1438  1390  1406  1403  1447  1437  1472  1314  1404  1468  1496  1494  1439  1443  
1403  1488  1380  1448  1482  1438  1456  1462  1447  1437  1380  1416  1471  1500  1497  1467  1423  1455  1484  1414  
1432  1472  1498  1424  1457  1383  1500  1424  1451  1408  1443  1485  1441  1532  1465  1446  1460  1338  1511  1407  
1505  1470  1417  1462  1443  1449  1485  1439  1426  1446  1347  1430  1428  1441  1489  1395  1457  1499  1357  1559  
1379  1462  1461  1406  1433  1390  1463  1424  1443  1523  1450  1428  1490  1432  1477  1443  1507  1469  1436  1408  
1368  1433  1492  1475  1423  1423  1400  1411  1444  1484  1398  1528  1405  1395  1473  1423  1442  1477  1407  1506  
1460  1428  1484  1486  1452  1387  1508  1443  1412  1388  1433  1480  1476  1402  1477  1455  1383  1476  1432  1449  
1451  1445  1447  1362  1471  1388  1478  1409  1474  1491  1450  1449  1480  1467  1469  1365  1433  1438  1407  1452  
1498  1448  1401  1471  1403  1483  1430  1434  1444  1367  1449  1413  1515  1494  1515  1467  1430  1441  1418  1385  
1442  1450  1420  1400  1421  1482  1479  1460  1411  1476  1457  1471  1423  1415  1485  1437  1453  1493  1417  1429  
