1.20052
1511  1584  1501  1422  1411  1526  1559  1472  1512  1454  1543  1579  1558  1532  1580  1525  1504  1509  1531  1478  
1477  1524  1501  1462  1521  1458  1442  1510  1515  1522  1466  1476  1606  1453  1514  1491  1481  1485  1471  1427  
1469  1547  1558  1458  1477  1468  1517  1509  1541  1472  1556  1463  1410  1557  1479  1475  1472  1452  1528  1500  
1473  1581  1423  1518  1560  1530  1530  1594  1479  1563  1579  1465  1490  1461  1568  1509  1466  1459  1480  1444  
1479  1479  1492  1421  1553  1513  1451  1491  1506  1570  1503  1452  1441  1526  1522  1507  1478  1515  1526  1541  
1467  1576  1508  1603  1508  1465  1523  1642  1547  1528  1529  1522  1524  1531  1383  1514  1501  1498  1507  1516  
1509  1536  1531  1501  1434  1476  1583  1429  1471  1583  1492  1533  1485  1499  1508  1466  1535  1509  1444  1457  
1472  1531  1420  1392  1490  1519  1478  1485  1433  1466  1536  1414  1530  1546  1565  1468  1459  1444  1463  1536  
1429  1483  1474  1413  1439  1517  1526  1477  1560  1508  1495  1404  1451  1501  1431  1544  1501  1453  1524  1515  
1505  1538  1507  1562  1508  1473  1446  1603  1486  1531  1466  1465  1498  1554  1551  1514  1546  1547  1502  1491  
1597  1546  1482  1490  1507  1445  1471  1467  1487  1422  1530  1503  1487  1589  1503  1477  1530  1543  1562  1505  
1511  1482  1534  1524  1505  1510  1481  1555  1498  1502  1523  1548  1487  1476  1527  1441  1461  1568  1477  1479  
1468  1515  1569  1447  1532  1513  1506  1560  1502  1508  1432  1482  1520  1495  1613  1486  1517  1463  1507  1500  
1491  1613  1444  1483  1524  1497  1516  1579  1519  1419  1473  1533  1582  1473  1415  1535  1495  1506  1519  1499  
1445  1508  1513  1511  1500  1523  1485  1475  1533  1447  1488  1581  1454  1546  1472  1433  1471  1511  1461  1478  
1475  1466  1513  1505  1472  1541  1464  1441  1492  1551  1508  1439  1540  1525  1522  1412  1519  1476  1433  1446  
1582  1446  1498  1504  1475  1532  1572  1410  1523  1577  1474  1517  1472  1477  1490  1483  1486  1470  1423  1555  
1554  1595  1452  1549  1485  1575  1511  1441  1568  1491  1493  1530  1470  1514  1524  1438  1438  1531  1493  1514  
1465  1497  1458  1531  1483  1514  1472  1423  1525  1496  1485  1553  1458  1488  1601  1462  1450  1481  1474  1507  
1477  1514  1439  1471  1506  1457  1504  1468  1488  1491  1559  1469  1523  1496  1490  1508  1512  1475  1468  1494  
