1.19978
1458  1530  1542  1488  1496  1491  1426  1502  1464  1496  1536  1485  1508  1450  1515  1527  1458  1516  1478  1433  
1455  1523  1426  1413  1553  1513  1539  1575  1469  1508  1500  1505  1500  1475  1567  1380  1457  1456  1422  1495  
1527  1524  1477  1506  1530  1463  1532  1485  1441  1496  1489  1576  1465  1429  1472  1475  1506  1434  1517  1507  
1600  1516  1421  1498  1512  1605  1539  1498  1469  1539  1521  1444  1531  1548  1471  1516  1448  1451  1531  1518  
1515  1473  1454  1425  1557  1492  1539  1522  1537  1473  1513  1495  1579  1442  1503  1480  1504  1614  1421  1495  
1470  1504  1550  1468  1499  1495  1533  1418  1487  1502  1483  1569  1437  1432  1478  1600  1478  1482  1487  1492  
1559  1506  1462  1542  1529  1483  1480  1469  1532  1531  1552  1532  1534  1471  1456  1524  1443  1465  1517  1448  
1447  1528  1515  1495  1483  1516  1507  1425  1514  1446  1504  1471  1471  1425  1466  1511  1482  1418  1514  1508  
1532  1497  1544  1517  1460  1519  1418  1484  1589  1447  1536  1560  1522  1498  1558  1448  1569  1435  1504  1504  
1504  1467  1481  1507  1551  1505  1532  1468  1485  1512  1539  1446  1506  1437  1495  1414  1462  1388  1525  1412  
1481  1508  1472  1468  1511  1511  1527  1537  1536  1433  1532  1500  1411  1517  1516  1465  1520  1473  1456  1563  
1494  1546  1579  1588  1469  1455  1457  1509  1457  1561  1546  1404  1457  1451  1517  1562  1527  1495  1520  1565  
1533  1520  1471  1456  1590  1475  1435  1503  1536  1534  1583  1541  1542  1483  1531  1530  1549  1445  1455  1521  
1592  1497  1516  1524  1507  1428  1507  1478  1542  1529  1518  1483  1530  1477  1449  1527  1517  1512  1502  1437  
1500  1441  1549  1482  1466  1522  1435  1459  1504  1515  1488  1470  1463  1491  1503  1545  1510  1494  1407  1576  
1541  1558  1566  1567  1565  1478  1486  1398  1522  1525  1434  1529  1533  1486  1517  1504  1524  1511  1502  1504  
1491  1554  1483  1509  1512  1528  1491  1489  1554  1542  1475  1533  1554  1448  1484  1475  1478  1467  1495  1398  
1482  1441  1499  1549  1553  1484  1512  1488  1482  1415  1506  1475  1431  1487  1504  1542  1525  1523  1483  1497  
1482  1495  1571  1489  1492  1455  1591  1540  1434  1495  1486  1522  1464  1445  1423  1440  1488  1502  1511  1613  
1538  1547  1570  1487  1508  1533  1479  1538  1535  1524  1520  1520  1489  1485  1542  1422  1516  1503  1499  1538  
