1.19973
1508  1526  1501  1461  1452  1456  1487  1469  1519  1469  1576  1473  1500  1422  1484  1535  1574  1515  1498  1498  
1492  1455  1469  1566  1469  1519  1473  1527  1528  1479  1487  1570  1461  1483  1543  1552  1626  1554  1492  1529  
1475  1562  1535  1434  1463  1535  1511  1536  1453  1557  1450  1501  1452  1407  1576  1407  1514  1509  1512  1494  
1512  1439  1453  1501  1521  1544  1518  1547  1488  1477  1581  1458  1502  1510  1476  1512  1492  1454  1522  1552  
1505  1500  1516  1495  1506  1480  1498  1499  1420  1561  1482  1516  1580  1475  1521  1509  1560  1434  1547  1536  
1453  1491  1462  1489  1530  1487  1416  1506  1503  1489  1507  1468  1550  1507  1425  1476  1521  1445  1427  1517  
1497  1563  1546  1493  1510  1522  1483  1463  1553  1525  1454  1570  1415  1476  1482  1450  1452  1568  1521  1476  
1517  1463  1483  1521  1439  1471  1511  1500  1462  1471  1481  1577  1452  1529  1449  1514  1515  1423  1459  1465  
1376  1484  1491  1497  1531  1528  1498  1529  1488  1446  1516  1539  1515  1537  1481  1550  1517  1530  1416  1439  
1445  1513  1497  1444  1515  1485  1491  1495  1469  1532  1491  1509  1510  1465  1426  1568  1476  1458  1616  1530  
1496  1545  1505  1533  1482  1511  1442  1488  1544  1495  1484  1511  1502  1450  1522  1509  1525  1496  1464  1538  
1505  1419  1500  1529  1520  1529  1460  1427  1503  1508  1570  1512  1509  1477  1439  1440  1466  1541  1469  1465  
1508  1498  1532  1514  1471  1569  1522  1472  1503  1455  1459  1466  1516  1514  1483  1529  1526  1407  1560  1486  
1563  1514  1470  1502  1415  1516  1518  1449  1487  1394  1443  1498  1498  1502  1422  1498  1591  1495  1535  1483  
1470  1490  1502  1512  1498  1457  1448  1580  1486  1515  1545  1495  1486  1446  1471  1524  1492  1444  1541  1419  
1395  1430  1478  1526  1582  1553  1467  1618  1481  1498  1574  1555  1553  1478  1425  1488  1507  1460  1485  1494  
1534  1553  1558  1571  1549  1530  1519  1424  1513  1605  1519  1557  1491  1543  1539  1458  1448  1495  1474  1472  
1576  1458  1526  1496  1541  1532  1511  1517  1561  1471  1463  1369  1425  1454  1482  1507  1504  1457  1568  1427  
1551  1465  1486  1528  1483  1467  1458  1571  1548  1548  1515  1458  1546  1532  1524  1537  1488  1461  1524  1548  
1510  1537  1505  1448  1548  1538  1468  1470  1533  1555  1431  1519  1514  1481  1520  1567  1518  1546  1575  1529  
