1.20106
1462  1529  1449  1517  1460  1520  1523  1509  1488  1480  1509  1466  1452  1454  1514  1548  1449  1518  1477  1499  
1577  1522  1492  1547  1535  1572  1533  1508  1529  1528  1524  1526  1542  1422  1523  1525  1502  1531  1503  1493  
1470  1456  1514  1514  1537  1451  1488  1510  1476  1507  1482  1457  1577  1466  1464  1474  1532  1495  1550  1520  
1529  1609  1515  1556  1495  1514  1531  1530  1482  1533  1522  1497  1507  1588  1478  1489  1518  1424  1431  1424  
1530  1480  1506  1597  1553  1473  1456  1535  1527  1558  1571  1491  1500  1478  1455  1490  1476  1508  1538  1508  
1568  1501  1484  1447  1498  1525  1377  1507  1523  1516  1493  1521  1591  1468  1500  1415  1492  1497  1520  1495  
1534  1537  1466  1495  1474  1496  1520  1501  1454  1515  1496  1568  1509  1464  1491  1522  1498  1489  1527  1496  
1518  1495  1558  1538  1452  1537  1513  1545  1509  1521  1503  1563  1518  1448  1495  1498  1466  1537  1533  1460  
1494  1442  1540  1478  1523  1581  1534  1536  1522  1486  1549  1557  1479  1526  1509  1495  1515  1532  1518  1539  
1435  1473  1514  1504  1460  1491  1478  1503  1436  1485  1486  1513  1436  1475  1458  1483  1490  1553  1503  1491  
1514  1439  1426  1387  1510  1515  1483  1493  1510  1565  1539  1507  1521  1524  1529  1502  1526  1485  1575  1438  
1482  1569  1485  1470  1442  1516  1533  1485  1491  1502  1437  1487  1518  1530  1555  1529  1559  1540  1468  1518  
1576  1506  1470  1561  1404  1488  1535  1514  1447  1532  1563  1520  1454  1472  1525  1501  1488  1475  1561  1602  
1467  1452  1460  1471  1588  1484  1546  1474  1443  1483  1507  1473  1439  1514  1536  1541  1501  1481  1502  1529  
1489  1459  1477  1523  1598  1470  1498  1445  1518  1484  1513  1488  1424  1389  1408  1501  1461  1497  1509  1537  
1551  1505  1444  1488  1487  1427  1598  1438  1493  1458  1440  1511  1527  1575  1582  1519  1586  1570  1522  1518  
1532  1487  1446  1445  1430  1504  1424  1427  1452  1489  1466  1404  1485  1486  1512  1563  1496  1458  1500  1518  
1547  1547  1458  1408  1480  1506  1439  1542  1551  1550  1512  1408  1492  1431  1523  1490  1482  1494  1455  1426  
1455  1468  1563  1466  1541  1548  1449  1399  1487  1529  1446  1490  1550  1416  1457  1506  1457  1509  1440  1492  
1530  1595  1488  1451  1440  1476  1467  1481  1483  1465  1400  1470  1571  1508  1551  1483  1541  1563  1484  1523  
