1.19876
1522  1535  1532  1502  1563  1533  1460  1507  1480  1494  1513  1503  1590  1403  1542  1473  1486  1597  1513  1468  
1568  1515  1545  1496  1430  1559  1476  1589  1530  1530  1599  1557  1507  1503  1504  1496  1477  1533  1522  1454  
1591  1502  1486  1500  1467  1550  1533  1514  1503  1573  1530  1481  1488  1464  1526  1553  1460  1547  1516  1563  
1564  1562  1532  1563  1486  1515  1489  1574  1532  1456  1482  1456  1508  1551  1468  1546  1436  1545  1552  1480  
1524  1459  1499  1510  1471  1512  1524  1471  1517  1456  1490  1481  1587  1479  1518  1548  1509  1509  1477  1478  
1521  1550  1492  1494  1440  1520  1445  1455  1546  1463  1504  1601  1527  1535  1547  1520  1480  1483  1497  1470  
1436  1489  1406  1445  1436  1532  1500  1502  1517  1549  1429  1427  1517  1620  1487  1463  1582  1514  1457  1446  
1461  1600  1456  1574  1394  1429  1521  1450  1487  1465  1577  1483  1550  1495  1516  1499  1460  1509  1449  1593  
1518  1499  1439  1447  1424  1459  1522  1574  1511  1483  1452  1523  1524  1486  1519  1509  1540  1548  1573  1443  
1533  1410  1568  1445  1516  1486  1459  1541  1476  1466  1451  1485  1485  1485  1450  1479  1432  1506  1399  1418  
1491  1547  1427  1513  1511  1481  1444  1531  1535  1599  1519  1525  1552  1501  1480  1552  1503  1515  1610  1467  
1554  1468  1551  1495  1495  1520  1563  1467  1457  1460  1482  1514  1495  1445  1506  1528  1484  1528  1440  1495  
1519  1477  1372  1497  1488  1463  1434  1528  1593  1444  1498  1465  1444  1448  1493  1539  1491  1508  1404  1522  
1468  1541  1532  1481  1580  1511  1439  1431  1502  1500  1556  1589  1453  1474  1515  1493  1602  1485  1484  1548  
1514  1412  1524  1469  1471  1446  1515  1440  1509  1503  1481  1462  1495  1453  1520  1442  1476  1475  1499  1487  
1510  1515  1519  1481  1585  1479  1549  1443  1473  1495  1515  1435  1504  1495  1534  1481  1505  1502  1495  1421  
1449  1497  1495  1466  1523  1471  1482  1439  1494  1475  1525  1560  1459  1465  1446  1515  1584  1513  1476  1387  
1511  1413  1435  1564  1517  1551  1460  1549  1403  1498  1529  1440  1493  1562  1502  1523  1479  1511  1481  1487  
1487  1448  1481  1492  1427  1480  1511  1585  1530  1422  1458  1546  1562  1525  1513  1458  1509  1429  1462  1506  
1518  1537  1447  1499  1478  1488  1510  1449  1419  1519  1452  1572  1345  1463  1494  1441  1504  1458  1434  1549  
