1.20034
1455  1492  1479  1510  1494  1531  1498  1417  1475  1459  1517  1522  1445  1447  1498  1518  1528  1522  1498  1468  
1476  1514  1480  1475  1516  1445  1443  1500  1510  1514  1493  1519  1545  1433  1475  1506  1397  1533  1471  1484  
1534  1478  1510  1419  1509  1536  1489  1494  1416  1500  1502  1529  1488  1517  1486  1465  1483  1412  1434  1526  
1509  1488  1500  1484  1507  1439  1522  1538  1449  1530  1447  1489  1538  1510  1533  1523  1532  1526  1478  1521  
1501  1471  1518  1476  1573  1503  1524  1575  1492  1533  1475  1580  1515  1467  1482  1532  1495  1511  1470  1478  
1548  1592  1466  1471  1486  1544  1468  1507  1485  1515  1535  1555  1500  1474  1480  1500  1415  1562  1506  1474  
1489  1440  1465  1479  1489  1482  1523  1445  1527  1533  1470  1438  1505  1472  1562  1467  1492  1615  1517  1465  
1481  1501  1568  1498  1506  1511  1493  1496  1525  1497  1441  1483  1543  1490  1426  1445  1567  1482  1447  1581  
1606  1454  1518  1460  1520  1557  1496  1446  1446  1462  1527  1556  1455  1508  1534  1418  1552  1524  1482  1557  
1410  1507  1425  1494  1477  1546  1516  1398  1540  1455  1450  1454  1438  1485  1587  1471  1548  1472  1445  1429  
1490  1544  1591  1519  1527  1418  1519  1464  1454  1543  1525  1613  1478  1514  1477  1510  1566  1416  1496  1514  
1549  1548  1523  1549  1487  1440  1541  1507  1476  1552  1442  1478  1495  1467  1490  1545  1501  1442  1471  1528  
1541  1474  1554  1617  1451  1423  1536  1496  1545  1434  1549  1536  1524  1437  1511  1524  1502  1461  1442  1417  
1529  1524  1526  1497  1473  1433  1499  1459  1505  1452  1453  1555  1535  1430  1537  1530  1535  1465  1354  1551  
1436  1539  1561  1546  1460  1498  1544  1579  1524  1547  1554  1405  1529  1555  1516  1582  1455  1521  1506  1462  
1557  1574  1597  1553  1497  1473  1464  1480  1479  1501  1472  1580  1559  1499  1506  1478  1503  1532  1460  1529  
1521  1497  1541  1474  1579  1483  1460  1574  1556  1467  1510  1425  1528  1505  1477  1483  1467  1465  1564  1501  
1537  1418  1564  1505  1500  1564  1447  1497  1517  1451  1503  1452  1478  1498  1438  1443  1448  1487  1509  1524  
1513  1484  1536  1477  1477  1496  1489  1542  1488  1479  1473  1521  1503  1542  1509  1585  1496  1448  1484  1533  
1482  1592  1526  1551  1547  1476  1540  1558  1441  1575  1528  1505  1499  1503  1510  1490  1507  1498  1488  1467  
