1.20129
1538  1552  1518  1481  1505  1485  1451  1494  1505  1505  1507  1435  1489  1558  1552  1516  1500  1501  1528  1484  
1502  1497  1456  1525  1480  1510  1416  1488  1500  1440  1562  1565  1415  1547  1448  1490  1551  1514  1437  1476  
1498  1649  1503  1413  1496  1602  1493  1396  1527  1535  1518  1515  1435  1465  1544  1503  1465  1499  1415  1470  
1506  1493  1509  1467  1465  1607  1497  1443  1606  1477  1564  1505  1492  1414  1457  1437  1483  1498  1530  1501  
1451  1533  1479  1551  1509  1518  1511  1478  1473  1425  1483  1586  1514  1631  1502  1501  1555  1468  1517  1551  
1521  1433  1445  1492  1527  1476  1537  1532  1500  1446  1470  1471  1501  1494  1471  1498  1634  1441  1514  1558  
1518  1498  1526  1478  1520  1443  1503  1437  1559  1524  1506  1542  1528  1475  1470  1541  1524  1437  1498  1425  
1472  1476  1542  1454  1515  1564  1458  1455  1446  1571  1394  1469  1435  1525  1525  1511  1486  1512  1401  1469  
1486  1518  1534  1496  1481  1527  1453  1477  1517  1524  1465  1508  1538  1514  1572  1474  1434  1481  1596  1491  
1515  1559  1470  1479  1551  1519  1574  1468  1569  1455  1509  1430  1495  1472  1515  1491  1501  1445  1487  1507  
1491  1566  1473  1460  1504  1493  1483  1553  1458  1441  1525  1517  1585  1505  1466  1476  1556  1487  1513  1517  
1467  1509  1446  1538  1484  1506  1522  1534  1524  1455  1487  1515  1468  1461  1533  1438  1505  1445  1525  1454  
1460  1483  1500  1496  1492  1502  1481  1509  1479  1476  1581  1425  1521  1439  1446  1529  1446  1507  1474  1529  
1495  1556  1567  1534  1561  1398  1591  1425  1391  1434  1565  1519  1498  1450  1440  1491  1476  1537  1499  1476  
1449  1522  1537  1477  1476  1476  1531  1545  1480  1524  1508  1431  1565  1482  1524  1536  1495  1479  1515  1551  
1505  1485  1545  1477  1505  1500  1572  1572  1571  1466  1477  1526  1540  1457  1443  1494  1472  1487  1532  1579  
1646  1449  1472  1433  1648  1515  1524  1454  1508  1496  1485  1565  1569  1471  1437  1490  1544  1537  1444  1455  
1602  1521  1397  1562  1597  1510  1516  1572  1487  1479  1567  1561  1580  1612  1530  1510  1486  1505  1574  1413  
1515  1478  1471  1532  1510  1481  1459  1513  1447  1498  1497  1514  1454  1497  1570  1474  1514  1480  1565  1521  
1540  1449  1512  1531  1511  1526  1476  1502  1462  1545  1493  1558  1441  1500  1456  1496  1439  1474  1502  1460  
