1.19937
1539  1557  1494  1519  1509  1472  1495  1520  1412  1593  1511  1544  1436  1511  1527  1532  1516  1550  1471  1577  
1497  1481  1588  1574  1529  1475  1429  1396  1567  1554  1494  1507  1417  1478  1489  1512  1488  1498  1543  1447  
1515  1515  1575  1490  1515  1483  1564  1441  1504  1486  1534  1511  1516  1481  1540  1469  1505  1514  1553  1515  
1558  1479  1505  1440  1548  1442  1438  1508  1382  1512  1548  1435  1507  1489  1467  1527  1495  1525  1541  1470  
1539  1488  1540  1476  1533  1448  1526  1494  1519  1558  1539  1463  1528  1419  1543  1462  1441  1472  1552  1513  
1485  1474  1515  1414  1466  1585  1511  1575  1479  1527  1571  1545  1488  1440  1526  1548  1518  1506  1513  1386  
1462  1503  1497  1511  1525  1541  1501  1476  1504  1486  1483  1569  1442  1442  1533  1457  1518  1515  1397  1505  
1472  1455  1476  1527  1488  1526  1472  1497  1538  1537  1443  1494  1544  1473  1501  1533  1473  1517  1479  1502  
1476  1562  1492  1541  1481  1484  1477  1482  1397  1454  1537  1501  1507  1488  1509  1525  1498  1476  1568  1493  
1555  1563  1491  1607  1443  1474  1495  1504  1524  1507  1589  1496  1440  1521  1493  1461  1498  1461  1531  1525  
1429  1495  1497  1490  1525  1567  1528  1501  1501  1477  1411  1512  1552  1438  1434  1512  1514  1480  1472  1481  
1551  1463  1594  1485  1428  1426  1473  1506  1443  1531  1511  1494  1387  1471  1530  1556  1511  1506  1522  1579  
1468  1482  1557  1534  1497  1513  1566  1576  1494  1524  1593  1520  1454  1452  1462  1543  1507  1504  1573  1477  
1488  1477  1540  1464  1539  1461  1568  1531  1443  1472  1512  1512  1542  1463  1393  1518  1468  1450  1478  1523  
1483  1467  1526  1430  1475  1489  1532  1546  1516  1499  1465  1489  1420  1448  1535  1528  1492  1460  1414  1467  
1479  1549  1484  1457  1504  1539  1622  1484  1539  1436  1462  1536  1496  1539  1490  1442  1518  1466  1426  1515  
1468  1595  1482  1452  1492  1449  1457  1525  1494  1450  1480  1442  1499  1526  1473  1491  1483  1516  1541  1577  
1531  1524  1486  1525  1459  1471  1472  1534  1490  1400  1526  1479  1497  1485  1458  1570  1492  1475  1475  1547  
1539  1499  1509  1525  1478  1531  1535  1529  1425  1577  1507  1531  1422  1527  1452  1441  1429  1559  1486  1487  
1506  1540  1445  1507  1521  1528  1567  1512  1519  1521  1538  1576  1510  1492  1474  1488  1498  1503  1519  1476  
