1.19889
1519  1556  1470  1498  1531  1539  1505  1464  1501  1440  1509  1571  1479  1443  1522  1440  1477  1487  1478  1489  
1532  1513  1508  1433  1574  1489  1470  1587  1566  1507  1503  1531  1512  1506  1596  1447  1552  1478  1468  1497  
1491  1538  1543  1452  1463  1442  1449  1565  1531  1531  1458  1569  1556  1487  1502  1480  1557  1488  1432  1437  
1489  1515  1529  1527  1546  1472  1512  1494  1519  1493  1572  1469  1458  1529  1499  1454  1595  1438  1462  1536  
1416  1549  1510  1541  1544  1509  1506  1532  1470  1533  1502  1632  1550  1502  1547  1566  1389  1481  1494  1525  
1536  1583  1452  1387  1428  1519  1467  1486  1491  1484  1440  1507  1529  1414  1516  1485  1592  1532  1552  1529  
1496  1517  1543  1441  1546  1540  1495  1484  1427  1483  1431  1501  1565  1636  1466  1541  1529  1497  1455  1504  
1554  1470  1576  1500  1483  1457  1444  1446  1522  1510  1434  1483  1475  1435  1472  1442  1459  1483  1484  1496  
1459  1549  1517  1547  1495  1531  1437  1545  1535  1482  1527  1436  1456  1442  1408  1505  1469  1470  1584  1439  
1522  1480  1511  1441  1487  1449  1559  1503  1510  1520  1496  1494  1551  1470  1538  1484  1450  1461  1491  1512  
1520  1501  1495  1529  1522  1492  1532  1518  1439  1470  1446  1533  1461  1555  1500  1394  1424  1475  1499  1565  
1567  1495  1520  1497  1481  1499  1566  1541  1529  1527  1425  1495  1505  1470  1499  1511  1475  1564  1431  1423  
1458  1490  1579  1481  1462  1509  1518  1500  1471  1530  1479  1507  1545  1552  1440  1474  1537  1582  1500  1508  
1528  1492  1425  1560  1546  1504  1522  1449  1508  1466  1491  1565  1585  1487  1513  1451  1474  1467  1504  1493  
1476  1448  1486  1489  1525  1550  1504  1541  1536  1499  1561  1539  1492  1440  1455  1393  1513  1529  1540  1629  
1565  1521  1458  1494  1470  1498  1593  1511  1472  1506  1432  1540  1456  1511  1446  1499  1517  1543  1544  1466  
1563  1564  1421  1459  1498  1580  1491  1486  1517  1483  1502  1532  1577  1521  1463  1500  1371  1432  1513  1416  
1502  1451  1514  1488  1590  1509  1518  1415  1424  1476  1512  1454  1482  1533  1542  1497  1504  1501  1529  1501  
1438  1443  1464  1512  1512  1572  1530  1541  1489  1479  1502  1448  1427  1500  1577  1423  1444  1509  1502  1537  
1376  1519  1454  1487  1473  1501  1536  1435  1380  1463  1460  1539  1543  1593  1503  1485  1532  1474  1578  1444  
