1.19774
1572  1544  1516  1527  1466  1533  1450  1490  1477  1434  1491  1516  1553  1540  1535  1504  1539  1557  1427  1449  
1512  1474  1526  1487  1469  1538  1509  1415  1444  1537  1448  1517  1460  1509  1479  1479  1425  1450  1509  1424  
1573  1554  1498  1471  1475  1458  1418  1498  1489  1459  1494  1533  1485  1531  1484  1469  1531  1490  1488  1474  
1512  1537  1500  1486  1457  1545  1435  1499  1521  1486  1564  1452  1484  1593  1498  1445  1439  1545  1483  1522  
1479  1526  1532  1488  1456  1546  1484  1439  1443  1535  1481  1568  1408  1510  1467  1443  1516  1476  1525  1506  
1471  1510  1500  1442  1469  1498  1461  1489  1600  1483  1537  1568  1525  1478  1513  1503  1471  1518  1527  1467  
1556  1548  1516  1561  1502  1493  1458  1531  1546  1458  1453  1467  1553  1485  1483  1431  1530  1456  1452  1479  
1589  1492  1483  1511  1468  1490  1474  1484  1470  1532  1502  1530  1458  1543  1543  1464  1493  1474  1499  1548  
1484  1539  1559  1534  1526  1452  1509  1492  1457  1485  1499  1431  1452  1429  1568  1521  1501  1431  1513  1377  
1470  1470  1467  1583  1401  1500  1498  1507  1516  1459  1491  1469  1490  1529  1481  1420  1432  1444  1513  1550  
1463  1554  1470  1518  1502  1532  1452  1499  1480  1502  1510  1506  1525  1495  1528  1497  1466  1571  1514  1523  
1528  1543  1557  1535  1517  1471  1499  1476  1563  1523  1400  1405  1453  1579  1519  1487  1533  1465  1436  1438  
1482  1461  1499  1597  1593  1510  1455  1499  1564  1567  1539  1561  1446  1449  1539  1515  1403  1497  1485  1487  
1469  1522  1531  1564  1518  1466  1547  1454  1470  1515  1468  1532  1580  1528  1526  1515  1473  1456  1472  1468  
1544  1461  1544  1509  1407  1540  1516  1466  1550  1545  1506  1572  1474  1493  1466  1495  1488  1567  1508  1520  
1481  1548  1508  1516  1557  1533  1549  1493  1491  1480  1530  1466  1477  1522  1455  1526  1484  1453  1429  1484  
1566  1542  1525  1578  1508  1461  1510  1485  1477  1502  1466  1462  1445  1543  1457  1527  1480  1514  1575  1485  
1461  1473  1485  1552  1486  1480  1565  1483  1550  1483  1451  1491  1568  1478  1535  1408  1472  1523  1508  1490  
1489  1526  1556  1491  1488  1535  1499  1486  1433  1543  1504  1531  1453  1487  1471  1495  1436  1499  1454  1468  
1524  1518  1456  1434  1433  1582  1474  1608  1422  1455  1553  1547  1563  1458  1511  1486  1519  1460  1501  1491  
