1.19841
1458  1570  1520  1455  1510  1529  1462  1548  1452  1503  1534  1398  1539  1559  1593  1529  1447  1508  1620  1459  
1530  1514  1612  1516  1520  1492  1562  1536  1426  1520  1478  1486  1503  1521  1551  1458  1487  1479  1545  1495  
1570  1518  1483  1445  1511  1589  1570  1542  1578  1557  1512  1520  1504  1517  1508  1528  1520  1519  1522  1509  
1494  1527  1527  1477  1453  1453  1628  1418  1479  1521  1557  1520  1464  1558  1560  1522  1521  1492  1503  1464  
1580  1426  1552  1432  1536  1482  1467  1499  1477  1545  1475  1500  1515  1479  1491  1526  1506  1459  1455  1496  
1412  1492  1519  1449  1493  1507  1484  1534  1565  1544  1459  1486  1571  1498  1467  1503  1564  1525  1569  1445  
1465  1488  1451  1534  1455  1466  1538  1468  1524  1471  1459  1477  1555  1529  1431  1587  1512  1442  1474  1490  
1502  1539  1516  1534  1463  1427  1480  1347  1593  1478  1561  1617  1534  1458  1477  1464  1423  1481  1510  1543  
1472  1459  1561  1561  1457  1515  1533  1486  1561  1487  1443  1518  1490  1519  1508  1573  1433  1501  1496  1513  
1501  1540  1509  1579  1529  1490  1444  1481  1437  1517  1489  1525  1508  1501  1524  1558  1544  1427  1486  1499  
1487  1505  1532  1450  1478  1473  1492  1498  1452  1529  1427  1455  1568  1490  1562  1597  1400  1419  1499  1546  
1463  1527  1494  1544  1527  1447  1496  1458  1471  1482  1413  1433  1552  1526  1490  1465  1413  1474  1514  1482  
1523  1453  1477  1507  1540  1503  1477  1554  1489  1423  1524  1487  1478  1423  1508  1476  1505  1549  1451  1474  
1513  1579  1537  1440  1522  1500  1416  1460  1572  1528  1507  1502  1468  1492  1483  1546  1553  1494  1406  1499  
1553  1550  1468  1467  1505  1534  1533  1467  1522  1458  1448  1549  1472  1472  1455  1489  1521  1474  1545  1568  
1522  1477  1534  1546  1428  1420  1473  1554  1453  1449  1536  1416  1531  1501  1479  1498  1513  1491  1553  1467  
1495  1538  1498  1498  1543  1448  1471  1439  1541  1488  1471  1617  1515  1421  1510  1436  1517  1517  1536  1524  
1520  1462  1458  1525  1435  1490  1472  1529  1487  1430  1532  1499  1497  1437  1465  1522  1485  1454  1467  1428  
1523  1488  1477  1559  1434  1472  1530  1469  1537  1466  1468  1419  1478  1433  1428  1554  1546  1442  1405  1468  
1483  1453  1447  1467  1410  1441  1440  1476  1528  1545  1578  1472  1471  1548  1439  1492  1419  1464  1470  1426  
