1.19893
1485  1480  1451  1561  1511  1491  1523  1435  1368  1534  1474  1504  1576  1486  1493  1466  1553  1510  1441  1444  
1491  1406  1524  1499  1526  1489  1519  1365  1471  1483  1487  1501  1472  1462  1531  1494  1417  1524  1455  1463  
1531  1508  1522  1420  1516  1485  1440  1509  1451  1531  1552  1496  1523  1524  1458  1508  1525  1508  1526  1471  
1551  1483  1591  1460  1512  1554  1502  1464  1482  1527  1524  1476  1456  1500  1539  1544  1476  1550  1479  1429  
1547  1531  1461  1441  1517  1497  1544  1487  1520  1554  1464  1533  1457  1559  1405  1512  1500  1507  1424  1565  
1532  1588  1471  1514  1507  1528  1519  1445  1566  1508  1487  1562  1446  1491  1476  1538  1555  1465  1416  1430  
1443  1544  1511  1508  1476  1439  1571  1438  1490  1498  1532  1612  1482  1417  1540  1494  1518  1460  1458  1529  
1529  1597  1524  1505  1586  1417  1499  1466  1562  1494  1517  1431  1417  1499  1546  1522  1416  1498  1495  1455  
1539  1475  1454  1594  1496  1442  1475  1481  1468  1450  1471  1472  1524  1510  1530  1576  1450  1445  1375  1470  
1564  1484  1530  1495  1460  1551  1533  1555  1424  1596  1477  1468  1537  1395  1545  1392  1414  1535  1455  1532  
1370  1508  1517  1496  1516  1476  1439  1502  1387  1481  1488  1498  1522  1515  1509  1526  1487  1482  1471  1520  
1518  1549  1473  1507  1553  1517  1464  1504  1445  1516  1454  1464  1539  1459  1490  1526  1537  1532  1556  1553  
1498  1516  1489  1450  1470  1512  1472  1470  1494  1508  1547  1477  1514  1509  1506  1485  1524  1535  1438  1486  
1517  1497  1519  1511  1485  1482  1513  1534  1550  1559  1570  1514  1452  1547  1526  1503  1441  1451  1450  1502  
1504  1509  1569  1548  1463  1480  1504  1534  1547  1476  1498  1458  1468  1451  1488  1536  1483  1564  1447  1554  
1534  1444  1514  1560  1553  1506  1501  1531  1536  1505  1562  1497  1527  1507  1473  1581  1502  1524  1374  1504  
1558  1517  1463  1532  1525  1460  1517  1437  1458  1464  1441  1527  1504  1454  1531  1513  1455  1432  1490  1394  
1515  1502  1532  1451  1486  1519  1513  1602  1501  1454  1466  1507  1478  1499  1450  1519  1408  1474  1471  1529  
1505  1434  1456  1551  1546  1492  1468  1517  1508  1454  1497  1520  1483  1423  1424  1467  1511  1500  1518  1549  
1515  1556  1500  1489  1501  1538  1578  1567  1492  1455  1540  1563  1483  1510  1483  1425  1519  1460  1453  1552  
