1.20078
1515  1535  1495  1520  1468  1510  1534  1442  1528  1520  1461  1487  1553  1593  1512  1466  1470  1440  1553  1481  
1469  1501  1490  1472  1541  1389  1471  1557  1483  1489  1453  1514  1521  1461  1500  1514  1517  1488  1559  1531  
1553  1476  1515  1458  1544  1562  1457  1515  1530  1508  1533  1519  1463  1519  1496  1548  1518  1547  1495  1429  
1589  1502  1446  1487  1496  1502  1425  1533  1509  1413  1548  1462  1541  1448  1486  1482  1476  1568  1508  1547  
1512  1526  1488  1420  1515  1472  1427  1578  1525  1474  1464  1491  1576  1577  1509  1538  1548  1507  1551  1429  
1386  1465  1509  1421  1516  1488  1568  1470  1522  1522  1439  1438  1544  1465  1497  1522  1485  1518  1455  1545  
1482  1439  1441  1512  1522  1557  1417  1562  1455  1561  1482  1452  1556  1543  1485  1518  1473  1537  1587  1520  
1495  1598  1581  1400  1469  1530  1559  1451  1458  1549  1414  1536  1469  1506  1555  1481  1509  1527  1489  1494  
1494  1523  1471  1500  1508  1504  1511  1487  1471  1461  1551  1555  1452  1508  1462  1420  1500  1472  1519  1566  
1440  1572  1507  1535  1501  1540  1479  1494  1406  1469  1532  1481  1538  1559  1478  1505  1528  1502  1538  1452  
1458  1552  1488  1496  1573  1482  1514  1455  1498  1447  1482  1472  1401  1500  1552  1477  1528  1517  1544  1518  
1481  1501  1523  1515  1502  1500  1508  1537  1415  1563  1491  1469  1607  1468  1487  1482  1453  1505  1452  1527  
1534  1452  1456  1486  1533  1595  1548  1464  1545  1456  1504  1520  1506  1491  1521  1529  1457  1425  1494  1495  
1519  1450  1521  1482  1558  1541  1466  1476  1609  1425  1499  1539  1549  1508  1519  1433  1580  1493  1438  1533  
1501  1535  1526  1527  1482  1516  1485  1576  1448  1472  1487  1541  1419  1443  1546  1526  1474  1470  1531  1475  
1491  1476  1497  1446  1474  1524  1521  1459  1487  1487  1502  1464  1551  1479  1503  1495  1466  1422  1410  1511  
1499  1505  1514  1433  1560  1444  1545  1509  1487  1540  1512  1436  1481  1554  1481  1498  1501  1489  1493  1444  
1475  1568  1474  1474  1561  1465  1562  1550  1476  1490  1513  1416  1463  1551  1383  1478  1494  1491  1494  1474  
1571  1488  1497  1565  1550  1434  1518  1573  1450  1448  1572  1516  1521  1479  1493  1477  1477  1524  1435  1458  
1539  1576  1526  1513  1464  1423  1454  1505  1425  1536  1511  1494  1497  1553  1487  1495  1481  1433  1532  1534  
