1.2
1451  1505  1515  1502  1462  1554  1511  1469  1514  1422  1571  1534  1458  1510  1530  1446  1517  1473  1485  1443  
1476  1481  1555  1472  1571  1476  1523  1480  1526  1503  1541  1516  1499  1518  1538  1522  1541  1439  1504  1509  
1522  1496  1492  1444  1506  1481  1521  1457  1468  1478  1476  1504  1531  1563  1584  1522  1542  1479  1525  1464  
1561  1513  1441  1544  1401  1529  1571  1551  1580  1420  1498  1459  1512  1533  1462  1494  1488  1505  1579  1455  
1487  1545  1497  1472  1390  1458  1527  1502  1516  1410  1510  1520  1436  1503  1531  1536  1546  1490  1495  1481  
1479  1476  1517  1514  1498  1566  1481  1537  1472  1507  1535  1490  1529  1512  1480  1503  1490  1489  1522  1524  
1463  1477  1575  1445  1600  1455  1470  1411  1525  1598  1454  1494  1433  1572  1500  1446  1473  1555  1517  1571  
1455  1506  1487  1471  1484  1563  1533  1477  1511  1509  1549  1524  1514  1471  1487  1538  1446  1528  1547  1526  
1575  1574  1485  1473  1495  1543  1470  1512  1491  1521  1552  1509  1498  1491  1521  1516  1555  1404  1522  1532  
1477  1568  1478  1503  1574  1570  1524  1422  1484  1528  1534  1531  1501  1500  1560  1491  1500  1509  1466  1537  
1545  1585  1449  1474  1524  1428  1465  1455  1529  1432  1514  1502  1450  1510  1562  1456  1405  1485  1537  1540  
1470  1426  1508  1458  1462  1523  1464  1499  1457  1481  1500  1434  1538  1545  1536  1518  1494  1458  1550  1520  
1472  1445  1474  1512  1497  1544  1506  1521  1463  1508  1464  1503  1464  1531  1534  1504  1555  1488  1493  1494  
1566  1437  1470  1539  1490  1473  1529  1465  1534  1491  1528  1529  1546  1499  1457  1500  1502  1419  1537  1455  
1575  1466  1511  1532  1474  1496  1463  1524  1449  1485  1572  1466  1427  1455  1473  1501  1505  1536  1531  1479  
1512  1466  1528  1497  1521  1560  1455  1530  1508  1579  1492  1516  1529  1479  1539  1509  1475  1476  1507  1468  
1561  1496  1438  1466  1440  1470  1464  1540  1462  1578  1555  1560  1489  1455  1559  1525  1505  1490  1461  1440  
1472  1523  1538  1545  1461  1488  1490  1556  1466  1548  1436  1534  1570  1510  1359  1478  1475  1470  1469  1391  
1533  1543  1429  1528  1544  1504  1447  1495  1445  1511  1544  1501  1534  1523  1448  1530  1471  1496  1486  1495  
1546  1535  1510  1518  1507  1503  1508  1436  1576  1440  1518  1468  1536  1504  1498  1501  1432  1498  1525  1555  
