1.20077
1556  1543  1417  1498  1428  1486  1566  1588  1545  1465  1543  1533  1498  1479  1460  1470  1495  1473  1538  1501  
1513  1511  1467  1506  1532  1438  1465  1480  1474  1508  1563  1539  1396  1447  1458  1440  1471  1460  1482  1510  
1418  1468  1494  1500  1604  1521  1449  1439  1462  1552  1504  1554  1533  1448  1484  1422  1538  1556  1517  1520  
1482  1592  1540  1447  1501  1436  1496  1491  1474  1558  1520  1519  1542  1559  1475  1552  1543  1423  1520  1473  
1577  1431  1568  1484  1493  1422  1455  1474  1434  1492  1457  1477  1497  1434  1419  1514  1509  1532  1587  1508  
1577  1599  1568  1490  1487  1488  1557  1479  1485  1510  1518  1491  1480  1472  1396  1466  1518  1572  1523  1530  
1470  1451  1487  1481  1499  1494  1459  1494  1501  1526  1534  1508  1558  1441  1543  1405  1495  1513  1545  1483  
1495  1424  1558  1437  1383  1442  1573  1496  1510  1514  1471  1571  1497  1484  1544  1504  1530  1538  1560  1472  
1488  1567  1597  1448  1449  1575  1476  1511  1482  1489  1538  1469  1546  1477  1537  1475  1512  1482  1482  1609  
1530  1590  1529  1445  1531  1487  1487  1550  1443  1608  1429  1474  1479  1492  1458  1500  1533  1440  1448  1508  
1493  1558  1567  1556  1556  1522  1469  1468  1485  1511  1544  1490  1542  1463  1538  1480  1475  1508  1488  1535  
1551  1500  1522  1503  1466  1522  1498  1425  1526  1531  1461  1448  1527  1522  1532  1452  1563  1436  1497  1526  
1494  1461  1513  1460  1483  1440  1498  1472  1465  1475  1455  1521  1537  1523  1539  1412  1555  1501  1487  1549  
1473  1460  1459  1516  1521  1565  1496  1497  1489  1537  1501  1512  1493  1478  1515  1487  1432  1486  1486  1494  
1451  1546  1560  1515  1473  1466  1541  1498  1496  1471  1459  1494  1364  1468  1518  1518  1393  1460  1456  1527  
1522  1555  1533  1485  1470  1501  1442  1560  1439  1476  1469  1475  1548  1451  1524  1516  1559  1502  1645  1503  
1530  1488  1547  1542  1540  1483  1434  1518  1564  1437  1493  1499  1532  1528  1598  1519  1587  1532  1484  1566  
1507  1485  1534  1454  1574  1561  1590  1450  1499  1567  1510  1525  1457  1517  1522  1521  1509  1458  1506  1453  
1452  1508  1511  1433  1479  1538  1576  1580  1595  1514  1464  1480  1524  1495  1465  1543  1454  1415  1462  1428  
1521  1564  1516  1499  1602  1490  1500  1558  1571  1490  1482  1505  1538  1487  1517  1492  1504  1568  1496  1444  
