1.17296
1529  1488  1433  1494  1485  1446  1565  1521  1482  1526  1471  1420  1536  1509  1534  1548  1518  1513  1467  1463  
1453  1434  1419  1438  1572  1466  1473  1500  1457  1521  1493  1491  1547  1440  1461  1465  1498  1489  1449  1453  
1427  1395  1448  1431  1473  1413  1436  1521  1422  1415  1528  1509  1473  1425  1452  1460  1430  1494  1533  1463  
1501  1453  1476  1524  1526  1441  1498  1472  1462  1508  1546  1481  1446  1396  1469  1538  1539  1481  1480  1417  
1510  1521  1471  1464  1500  1414  1413  1508  1475  1487  1547  1488  1492  1457  1471  1475  1481  1467  1441  1488  
1472  1440  1594  1465  1467  1458  1476  1446  1400  1440  1435  1488  1347  1481  1376  1523  1404  1399  1514  1406  
1458  1421  1468  1434  1449  1481  1457  1511  1483  1427  1431  1457  1496  1400  1482  1487  1400  1389  1478  1419  
1394  1453  1474  1513  1609  1497  1467  1457  1469  1473  1499  1450  1473  1382  1517  1457  1484  1527  1475  1549  
1442  1543  1514  1494  1507  1494  1454  1533  1460  1515  1522  1522  1453  1406  1455  1466  1412  1441  1492  1450  
1498  1435  1448  1441  1471  1428  1505  1426  1462  1554  1480  1496  1453  1485  1432  1462  1423  1455  1510  1557  
1542  1468  1430  1482  1391  1445  1480  1487  1485  1428  1425  1394  1482  1509  1474  1454  1500  1484  1445  1510  
1481  1477  1478  1476  1443  1485  1529  1540  1492  1449  1384  1542  1511  1546  1528  1471  1476  1446  1517  1490  
1424  1470  1493  1495  1512  1492  1521  1523  1436  1475  1441  1349  1501  1409  1511  1448  1420  1456  1529  1492  
1529  1565  1491  1411  1396  1414  1461  1424  1433  1475  1526  1467  1467  1523  1419  1464  1498  1447  1535  1422  
1457  1473  1470  1508  1430  1527  1530  1490  1462  1462  1507  1471  1496  1449  1452  1470  1493  1479  1448  1473  
1414  1500  1490  1524  1531  1515  1429  1500  1521  1520  1481  1441  1378  1468  1461  1491  1459  1513  1481  1477  
1460  1444  1504  1359  1499  1431  1556  1425  1563  1466  1401  1515  1430  1548  1525  1481  1456  1399  1429  1376  
1433  1400  1450  1432  1474  1472  1484  1463  1496  1508  1480  1469  1567  1560  1510  1415  1441  1467  1549  1446  
1427  1488  1508  1484  1433  1484  1504  1451  1495  1414  1553  1430  1513  1392  1462  1448  1446  1462  1490  1521  
1459  1509  1417  1487  1482  1497  1387  1488  1513  1504  1454  1495  1466  1527  1487  1465  1445  1533  1465  1398  
