1.20029
1487  1445  1541  1560  1510  1453  1492  1493  1466  1466  1565  1429  1546  1538  1531  1435  1490  1477  1478  1535  
1507  1485  1539  1507  1499  1511  1485  1489  1491  1481  1587  1550  1433  1490  1530  1477  1500  1520  1493  1538  
1510  1471  1512  1505  1497  1498  1512  1525  1423  1488  1526  1584  1463  1565  1479  1366  1480  1525  1480  1503  
1445  1543  1531  1439  1529  1454  1484  1500  1497  1519  1482  1493  1434  1555  1473  1483  1463  1493  1394  1495  
1511  1524  1514  1521  1469  1486  1425  1493  1535  1537  1485  1521  1553  1468  1537  1494  1452  1505  1589  1507  
1472  1479  1443  1435  1475  1454  1466  1529  1426  1435  1580  1484  1445  1506  1423  1471  1534  1543  1477  1566  
1526  1473  1480  1453  1506  1493  1541  1492  1468  1548  1639  1500  1457  1531  1517  1566  1602  1516  1527  1438  
1496  1573  1445  1438  1484  1505  1487  1520  1463  1552  1503  1372  1510  1458  1509  1558  1444  1453  1525  1526  
1571  1484  1490  1525  1479  1486  1524  1513  1502  1474  1556  1507  1467  1568  1459  1513  1516  1530  1531  1503  
1553  1510  1456  1466  1403  1515  1493  1557  1479  1447  1530  1493  1483  1492  1505  1488  1548  1536  1487  1618  
1599  1530  1492  1544  1503  1466  1516  1488  1496  1435  1516  1549  1546  1481  1525  1471  1536  1523  1546  1480  
1507  1478  1514  1535  1534  1547  1506  1519  1496  1427  1499  1518  1520  1447  1481  1522  1481  1547  1518  1426  
1578  1497  1524  1531  1436  1419  1480  1573  1557  1487  1424  1431  1456  1515  1554  1508  1494  1464  1558  1437  
1505  1523  1519  1472  1517  1481  1450  1563  1507  1481  1514  1523  1537  1452  1474  1499  1492  1476  1495  1517  
1553  1611  1516  1489  1546  1538  1499  1535  1533  1440  1534  1482  1521  1567  1559  1471  1496  1495  1485  1430  
1468  1579  1489  1565  1448  1440  1577  1529  1451  1509  1479  1544  1460  1398  1541  1497  1489  1503  1473  1454  
1496  1517  1473  1554  1481  1527  1526  1533  1534  1502  1454  1582  1437  1492  1462  1507  1516  1476  1465  1555  
1553  1580  1463  1500  1488  1464  1568  1511  1536  1477  1435  1539  1463  1436  1440  1448  1431  1473  1412  1478  
1529  1585  1520  1546  1563  1506  1429  1520  1502  1474  1557  1505  1467  1493  1555  1514  1554  1483  1454  1534  
1552  1544  1457  1526  1527  1546  1465  1466  1466  1423  1471  1407  1524  1578  1512  1457  1565  1438  1494  1505  
