1.20002
1433  1441  1408  1480  1526  1571  1571  1539  1491  1496  1571  1498  1534  1488  1440  1468  1530  1523  1537  1397  
1537  1552  1524  1556  1528  1504  1404  1471  1507  1531  1490  1485  1505  1519  1499  1451  1492  1588  1587  1434  
1468  1489  1553  1540  1482  1500  1561  1542  1495  1451  1473  1502  1532  1592  1471  1439  1512  1521  1612  1539  
1510  1593  1429  1460  1495  1487  1551  1491  1479  1479  1493  1490  1538  1475  1428  1428  1520  1497  1528  1503  
1530  1556  1481  1434  1406  1444  1530  1447  1461  1522  1457  1496  1432  1486  1413  1491  1503  1479  1531  1529  
1427  1461  1438  1437  1540  1488  1527  1546  1478  1476  1504  1497  1533  1485  1461  1559  1476  1482  1525  1535  
1500  1544  1434  1489  1426  1514  1492  1481  1602  1538  1572  1495  1560  1488  1499  1437  1468  1505  1415  1440  
1542  1435  1429  1507  1403  1404  1454  1528  1479  1479  1487  1445  1481  1461  1506  1548  1532  1445  1533  1538  
1570  1551  1467  1501  1466  1493  1483  1432  1562  1492  1487  1524  1563  1548  1463  1510  1505  1487  1502  1553  
1540  1501  1530  1480  1481  1499  1417  1562  1502  1512  1500  1558  1417  1505  1491  1416  1459  1466  1486  1462  
1499  1467  1483  1474  1550  1507  1452  1567  1486  1495  1558  1506  1547  1544  1531  1583  1458  1528  1449  1534  
1494  1504  1476  1552  1539  1493  1507  1458  1542  1452  1455  1517  1454  1459  1465  1437  1440  1587  1550  1483  
1478  1570  1466  1493  1530  1469  1561  1492  1607  1524  1441  1545  1556  1533  1426  1523  1497  1418  1501  1450  
1534  1490  1480  1504  1602  1393  1462  1595  1538  1457  1427  1474  1517  1502  1574  1545  1535  1460  1557  1465  
1523  1525  1557  1519  1515  1522  1465  1567  1507  1548  1527  1535  1578  1551  1485  1516  1495  1494  1498  1456  
1560  1425  1527  1516  1569  1504  1535  1568  1439  1484  1476  1531  1498  1474  1558  1495  1472  1456  1558  1505  
1477  1571  1553  1576  1526  1558  1517  1570  1486  1464  1427  1410  1473  1571  1490  1479  1448  1525  1515  1459  
1531  1618  1560  1513  1498  1519  1439  1453  1523  1414  1480  1516  1502  1496  1454  1538  1529  1522  1534  1481  
1509  1520  1460  1451  1505  1474  1462  1524  1554  1529  1523  1419  1505  1487  1565  1516  1516  1495  1499  1477  
1582  1474  1484  1517  1528  1565  1376  1484  1492  1367  1507  1526  1515  1480  1508  1558  1493  1475  1570  1538  
