1.20063
1530  1550  1534  1488  1482  1474  1652  1508  1485  1572  1506  1528  1495  1425  1505  1458  1513  1537  1498  1508  
1532  1424  1421  1485  1535  1537  1540  1590  1527  1541  1556  1487  1455  1492  1552  1445  1563  1537  1488  1465  
1528  1445  1540  1491  1563  1537  1587  1482  1533  1429  1506  1482  1457  1530  1512  1524  1437  1492  1505  1546  
1476  1474  1590  1530  1460  1481  1541  1528  1464  1503  1429  1568  1510  1483  1487  1382  1581  1493  1453  1524  
1544  1480  1468  1540  1450  1401  1491  1544  1541  1511  1455  1501  1488  1495  1554  1439  1534  1484  1487  1533  
1576  1450  1496  1516  1532  1472  1471  1531  1520  1519  1512  1496  1470  1426  1426  1540  1514  1570  1537  1582  
1486  1472  1484  1526  1540  1447  1476  1514  1550  1449  1564  1526  1496  1442  1529  1482  1441  1498  1431  1489  
1480  1448  1489  1502  1597  1477  1487  1483  1411  1494  1438  1564  1521  1542  1457  1485  1497  1507  1562  1475  
1471  1444  1435  1493  1482  1502  1485  1435  1491  1484  1444  1522  1523  1483  1493  1429  1501  1518  1527  1539  
1551  1438  1518  1512  1460  1557  1567  1526  1505  1489  1568  1497  1502  1484  1559  1415  1515  1447  1474  1516  
1516  1466  1426  1519  1553  1437  1445  1511  1510  1561  1479  1510  1536  1451  1434  1431  1500  1492  1429  1540  
1548  1446  1606  1517  1576  1439  1528  1491  1542  1511  1480  1539  1549  1521  1481  1478  1486  1496  1515  1461  
1505  1489  1523  1486  1583  1453  1497  1451  1493  1489  1524  1481  1520  1561  1529  1517  1455  1484  1489  1525  
1519  1479  1571  1395  1548  1472  1569  1559  1489  1469  1511  1483  1444  1528  1477  1472  1518  1556  1489  1579  
1476  1469  1459  1547  1484  1473  1546  1538  1483  1609  1522  1557  1505  1534  1522  1413  1483  1427  1477  1397  
1483  1530  1446  1518  1544  1503  1535  1484  1470  1520  1470  1510  1494  1574  1476  1486  1497  1463  1521  1515  
1576  1542  1510  1452  1522  1508  1493  1551  1487  1545  1563  1536  1504  1455  1532  1470  1412  1477  1511  1456  
1537  1514  1505  1450  1570  1424  1505  1449  1448  1458  1520  1478  1548  1515  1520  1535  1433  1489  1461  1494  
1466  1488  1470  1467  1543  1556  1511  1481  1443  1503  1485  1520  1480  1541  1449  1470  1417  1481  1520  1410  
1536  1472  1482  1465  1481  1531  1492  1488  1513  1527  1591  1498  1447  1463  1465  1538  1545  1482  1480  1500  
