1.19849
1528  1529  1522  1610  1507  1544  1481  1493  1465  1496  1557  1435  1484  1493  1491  1510  1490  1568  1418  1461  
1530  1468  1468  1538  1525  1595  1502  1518  1507  1567  1520  1540  1492  1447  1449  1551  1442  1500  1538  1548  
1492  1512  1539  1492  1522  1417  1526  1503  1583  1490  1440  1530  1525  1476  1505  1580  1512  1531  1515  1455  
1559  1479  1501  1533  1505  1452  1528  1519  1513  1500  1510  1468  1450  1541  1467  1422  1504  1410  1510  1481  
1638  1560  1519  1538  1495  1439  1512  1582  1562  1535  1529  1620  1485  1553  1556  1574  1544  1531  1461  1502  
1551  1472  1572  1477  1403  1495  1447  1459  1528  1512  1562  1493  1524  1476  1506  1453  1530  1482  1432  1486  
1416  1610  1458  1480  1527  1510  1493  1549  1447  1621  1534  1507  1516  1546  1551  1478  1490  1507  1539  1461  
1480  1398  1511  1458  1548  1485  1503  1498  1448  1498  1533  1520  1507  1491  1517  1480  1571  1480  1501  1487  
1603  1457  1468  1464  1571  1498  1467  1472  1548  1493  1557  1512  1417  1518  1490  1483  1467  1514  1524  1508  
1482  1535  1455  1418  1500  1512  1473  1470  1402  1541  1410  1523  1455  1528  1514  1455  1470  1515  1544  1539  
1517  1522  1518  1511  1542  1487  1499  1548  1466  1520  1463  1579  1488  1521  1450  1490  1583  1449  1447  1563  
1536  1413  1485  1507  1525  1500  1533  1516  1453  1481  1474  1411  1461  1456  1463  1488  1487  1530  1486  1502  
1433  1535  1529  1492  1509  1556  1484  1462  1444  1542  1456  1451  1607  1544  1499  1508  1531  1440  1498  1494  
1513  1438  1449  1432  1557  1531  1458  1544  1438  1415  1481  1510  1484  1530  1554  1482  1472  1510  1489  1500  
1509  1333  1466  1459  1584  1565  1501  1446  1500  1451  1545  1550  1597  1453  1467  1496  1501  1509  1550  1495  
1535  1500  1479  1479  1450  1551  1456  1500  1522  1557  1529  1496  1494  1482  1487  1519  1556  1544  1472  1514  
1530  1515  1491  1524  1545  1486  1498  1458  1575  1467  1475  1552  1443  1531  1400  1461  1401  1427  1413  1515  
1503  1535  1581  1484  1497  1541  1494  1506  1473  1467  1458  1469  1469  1446  1441  1508  1461  1516  1522  1443  
1451  1486  1439  1477  1526  1418  1441  1482  1445  1504  1460  1503  1517  1442  1490  1554  1543  1483  1549  1426  
1468  1435  1488  1537  1526  1490  1457  1407  1546  1489  1529  1442  1442  1419  1528  1474  1531  1485  1487  1475  
