1.20063
1511  1451  1522  1500  1463  1436  1537  1554  1456  1489  1474  1558  1505  1444  1534  1473  1537  1502  1557  1399  
1446  1544  1492  1523  1469  1505  1466  1514  1465  1563  1479  1490  1556  1475  1501  1487  1528  1528  1508  1556  
1462  1430  1511  1560  1478  1481  1513  1509  1455  1503  1501  1492  1547  1552  1542  1576  1496  1396  1502  1538  
1580  1490  1514  1446  1515  1504  1427  1500  1558  1461  1385  1492  1478  1480  1485  1487  1543  1438  1527  1523  
1473  1658  1446  1418  1459  1511  1528  1536  1538  1554  1495  1527  1511  1493  1405  1484  1517  1499  1433  1482  
1526  1481  1469  1447  1442  1449  1507  1526  1545  1516  1503  1495  1408  1451  1438  1550  1483  1475  1470  1493  
1503  1484  1478  1456  1490  1498  1489  1519  1533  1496  1517  1535  1432  1549  1533  1516  1453  1482  1472  1492  
1611  1500  1497  1451  1484  1448  1523  1550  1522  1490  1506  1527  1536  1528  1477  1459  1506  1461  1578  1547  
1531  1507  1457  1575  1488  1466  1471  1566  1538  1458  1554  1490  1483  1494  1560  1497  1433  1441  1544  1547  
1536  1437  1494  1462  1495  1527  1425  1544  1511  1537  1481  1495  1459  1591  1459  1456  1473  1531  1495  1522  
1571  1469  1566  1482  1562  1545  1529  1495  1448  1518  1521  1505  1537  1606  1481  1424  1456  1529  1518  1493  
1420  1538  1474  1465  1549  1528  1527  1534  1476  1438  1471  1555  1417  1458  1542  1494  1564  1449  1540  1539  
1550  1532  1471  1445  1500  1435  1513  1494  1623  1525  1568  1512  1549  1468  1565  1521  1529  1444  1493  1500  
1564  1505  1542  1495  1594  1564  1481  1565  1507  1512  1488  1446  1482  1471  1471  1496  1472  1508  1530  1415  
1480  1529  1467  1418  1506  1517  1558  1514  1540  1481  1482  1520  1517  1524  1576  1545  1545  1445  1524  1582  
1492  1448  1450  1588  1518  1507  1454  1454  1456  1421  1499  1449  1567  1430  1548  1496  1498  1496  1540  1511  
1523  1604  1520  1525  1504  1520  1497  1504  1462  1500  1500  1543  1503  1426  1421  1511  1479  1522  1567  1458  
1547  1477  1511  1506  1560  1516  1529  1523  1456  1454  1467  1470  1515  1461  1530  1581  1457  1515  1535  1462  
1547  1479  1497  1450  1488  1569  1495  1525  1563  1502  1436  1568  1555  1426  1563  1507  1447  1479  1534  1511  
1458  1459  1517  1500  1485  1564  1494  1470  1501  1532  1418  1484  1615  1427  1485  1527  1506  1490  1455  1528  
