1.20078
1528  1498  1545  1562  1483  1557  1524  1560  1425  1492  1501  1620  1475  1570  1473  1463  1483  1570  1504  1461  
1512  1516  1517  1559  1521  1493  1560  1596  1507  1601  1478  1491  1521  1464  1471  1585  1509  1470  1433  1565  
1506  1457  1439  1414  1547  1576  1460  1464  1436  1527  1437  1467  1574  1479  1435  1525  1573  1505  1542  1508  
1478  1512  1522  1499  1484  1346  1538  1540  1478  1479  1476  1479  1536  1584  1466  1506  1457  1474  1578  1552  
1573  1526  1552  1473  1475  1512  1462  1549  1557  1471  1564  1493  1602  1521  1483  1552  1498  1433  1455  1527  
1536  1494  1439  1582  1492  1580  1445  1529  1492  1538  1525  1493  1460  1582  1570  1520  1547  1463  1514  1505  
1457  1450  1439  1525  1423  1525  1431  1580  1450  1468  1515  1446  1535  1512  1481  1468  1509  1500  1505  1574  
1526  1467  1469  1507  1559  1515  1415  1482  1473  1432  1466  1474  1522  1517  1539  1546  1528  1472  1530  1495  
1444  1410  1471  1500  1493  1474  1588  1462  1414  1492  1504  1513  1462  1481  1542  1494  1368  1600  1555  1485  
1426  1545  1515  1535  1504  1490  1571  1564  1612  1533  1487  1448  1482  1488  1545  1497  1500  1514  1493  1522  
1485  1485  1447  1545  1536  1604  1541  1573  1547  1433  1473  1460  1579  1481  1511  1530  1533  1481  1605  1503  
1520  1482  1470  1514  1483  1552  1507  1447  1450  1576  1509  1466  1472  1524  1467  1522  1479  1449  1492  1419  
1528  1472  1539  1435  1540  1502  1516  1486  1476  1571  1476  1485  1530  1475  1484  1599  1479  1503  1367  1516  
1524  1485  1555  1522  1454  1505  1463  1501  1508  1464  1464  1486  1524  1468  1552  1559  1522  1487  1510  1506  
1467  1418  1498  1476  1418  1489  1542  1518  1542  1433  1541  1496  1491  1544  1412  1380  1476  1467  1526  1514  
1506  1539  1441  1480  1567  1496  1616  1452  1462  1511  1526  1503  1500  1433  1514  1486  1452  1500  1467  1556  
1561  1509  1536  1527  1473  1504  1512  1497  1488  1478  1502  1443  1562  1519  1451  1480  1421  1384  1478  1474  
1516  1525  1542  1432  1491  1455  1516  1474  1496  1478  1481  1505  1483  1526  1521  1471  1405  1524  1518  1447  
1556  1481  1469  1587  1468  1505  1500  1537  1438  1496  1449  1421  1487  1489  1446  1482  1418  1519  1549  1463  
1478  1557  1446  1614  1494  1528  1591  1416  1532  1539  1558  1542  1495  1493  1493  1476  1530  1474  1466  1519  
