1.19843
1547  1536  1504  1499  1562  1516  1524  1551  1482  1490  1550  1480  1546  1559  1450  1496  1509  1503  1461  1449  
1558  1500  1544  1503  1482  1502  1500  1460  1473  1500  1504  1474  1502  1464  1499  1519  1540  1473  1488  1596  
1515  1465  1503  1493  1563  1519  1524  1567  1540  1446  1453  1569  1459  1547  1503  1507  1395  1468  1500  1507  
1518  1550  1517  1505  1559  1505  1492  1466  1559  1474  1471  1581  1532  1511  1521  1436  1465  1537  1485  1480  
1582  1561  1524  1510  1461  1456  1555  1539  1514  1500  1483  1491  1509  1602  1442  1508  1530  1439  1446  1570  
1498  1460  1528  1593  1432  1508  1528  1454  1498  1475  1512  1507  1515  1491  1483  1439  1603  1428  1492  1496  
1481  1532  1474  1554  1461  1476  1548  1503  1463  1564  1557  1525  1559  1479  1527  1495  1486  1546  1488  1471  
1500  1458  1519  1485  1517  1482  1426  1472  1503  1540  1518  1565  1441  1514  1415  1511  1551  1508  1511  1489  
1466  1500  1540  1396  1494  1493  1536  1507  1611  1445  1574  1507  1456  1522  1467  1408  1516  1446  1554  1490  
1469  1507  1555  1546  1523  1493  1429  1526  1430  1432  1547  1529  1499  1519  1503  1491  1535  1524  1486  1511  
1499  1485  1443  1457  1489  1516  1485  1501  1489  1498  1566  1418  1497  1546  1529  1553  1590  1506  1507  1488  
1461  1454  1476  1511  1518  1463  1490  1490  1501  1502  1397  1499  1460  1476  1419  1479  1500  1459  1510  1589  
1503  1415  1553  1510  1591  1449  1542  1460  1499  1526  1434  1532  1529  1494  1516  1534  1585  1484  1509  1412  
1498  1509  1496  1490  1448  1561  1432  1424  1441  1474  1498  1499  1552  1573  1519  1429  1419  1480  1506  1473  
1453  1451  1439  1506  1485  1544  1493  1434  1434  1528  1457  1534  1476  1477  1461  1566  1471  1492  1504  1560  
1478  1462  1488  1541  1477  1456  1440  1539  1505  1464  1544  1489  1504  1496  1530  1504  1522  1545  1464  1493  
1486  1461  1609  1489  1470  1450  1416  1485  1480  1478  1533  1489  1509  1499  1538  1500  1438  1545  1496  1478  
1420  1545  1507  1546  1628  1472  1455  1452  1457  1519  1486  1489  1465  1513  1478  1421  1549  1499  1596  1515  
1436  1525  1528  1565  1491  1515  1483  1426  1452  1507  1452  1384  1514  1457  1466  1519  1536  1506  1444  1463  
1486  1519  1494  1516  1491  1490  1435  1512  1486  1395  1499  1532  1516  1492  1448  1471  1512  1513  1468  1449  
