1.16478
1508  1545  1403  1468  1541  1470  1494  1432  1414  1470  1434  1434  1464  1467  1443  1498  1548  1431  1531  1461  
1465  1493  1449  1440  1459  1529  1504  1526  1501  1491  1506  1405  1430  1548  1453  1505  1463  1512  1431  1592  
1460  1472  1437  1418  1472  1490  1465  1505  1483  1482  1408  1449  1443  1445  1469  1438  1474  1483  1449  1497  
1474  1526  1458  1559  1379  1416  1449  1436  1491  1372  1509  1449  1469  1453  1428  1454  1501  1399  1490  1578  
1454  1362  1452  1443  1409  1541  1423  1489  1504  1540  1470  1448  1482  1486  1474  1509  1466  1443  1491  1529  
1444  1445  1515  1514  1523  1526  1446  1422  1459  1405  1431  1511  1411  1392  1368  1412  1459  1497  1495  1464  
1444  1441  1474  1543  1414  1479  1430  1505  1406  1424  1478  1515  1553  1393  1432  1444  1366  1362  1498  1491  
1430  1509  1490  1432  1451  1500  1424  1418  1443  1488  1528  1412  1440  1372  1420  1460  1362  1509  1376  1422  
1460  1459  1535  1467  1493  1450  1439  1428  1450  1462  1498  1436  1427  1463  1509  1458  1445  1468  1496  1470  
1507  1490  1454  1471  1491  1500  1457  1433  1534  1488  1580  1470  1391  1452  1395  1473  1469  1403  1494  1546  
1452  1469  1523  1440  1418  1472  1434  1498  1420  1424  1473  1458  1432  1431  1505  1447  1502  1483  1486  1496  
1475  1556  1463  1502  1441  1508  1469  1515  1506  1423  1518  1452  1453  1480  1467  1491  1451  1453  1460  1475  
1426  1391  1459  1417  1570  1431  1457  1460  1464  1433  1417  1405  1449  1509  1481  1517  1436  1445  1519  1468  
1408  1436  1423  1485  1422  1412  1396  1489  1456  1439  1499  1447  1414  1439  1381  1423  1402  1404  1477  1424  
1382  1488  1472  1505  1463  1464  1491  1499  1416  1473  1553  1480  1403  1557  1502  1472  1443  1451  1501  1484  
1474  1425  1504  1384  1555  1454  1424  1460  1564  1533  1481  1491  1537  1522  1445  1522  1449  1412  1531  1510  
1467  1426  1446  1434  1416  1502  1541  1462  1447  1486  1450  1442  1512  1554  1497  1467  1466  1492  1442  1504  
1439  1435  1497  1512  1512  1466  1417  1436  1432  1532  1525  1435  1455  1445  1515  1446  1439  1496  1519  1455  
1484  1501  1502  1458  1479  1471  1395  1459  1514  1401  1531  1466  1469  1472  1436  1470  1336  1442  1454  1476  
1499  1480  1398  1480  1448  1438  1463  1479  1416  1493  1464  1507  1511  1428  1511  1518  1522  1533  1416  1461  
