1.19878
1535  1464  1521  1542  1460  1482  1431  1481  1533  1574  1570  1472  1514  1438  1536  1555  1453  1461  1488  1527  
1513  1544  1549  1555  1482  1508  1512  1514  1544  1452  1487  1557  1472  1532  1574  1523  1544  1510  1538  1527  
1527  1499  1557  1493  1425  1473  1586  1493  1571  1405  1547  1455  1518  1446  1583  1478  1451  1502  1522  1536  
1545  1560  1537  1493  1518  1455  1404  1499  1508  1528  1477  1520  1517  1476  1433  1422  1550  1504  1463  1518  
1505  1533  1546  1523  1491  1476  1428  1530  1448  1479  1584  1500  1551  1478  1445  1443  1444  1478  1608  1470  
1482  1544  1507  1558  1567  1529  1490  1497  1499  1521  1437  1412  1487  1464  1488  1474  1487  1582  1517  1455  
1520  1562  1445  1552  1492  1486  1525  1470  1419  1507  1500  1494  1513  1482  1475  1571  1411  1476  1470  1477  
1423  1527  1596  1484  1483  1539  1509  1462  1471  1622  1495  1457  1512  1514  1507  1509  1422  1527  1448  1504  
1528  1538  1419  1584  1527  1528  1532  1525  1497  1488  1423  1567  1509  1486  1518  1455  1492  1590  1500  1498  
1506  1517  1492  1476  1557  1564  1488  1449  1524  1518  1471  1479  1536  1440  1487  1484  1461  1462  1482  1532  
1510  1490  1595  1472  1492  1550  1436  1493  1540  1563  1559  1512  1548  1551  1541  1435  1487  1523  1464  1455  
1526  1464  1470  1502  1475  1576  1485  1579  1501  1505  1547  1423  1511  1454  1591  1452  1475  1467  1513  1467  
1565  1552  1493  1543  1506  1467  1522  1483  1487  1572  1493  1511  1454  1530  1528  1496  1513  1468  1486  1481  
1594  1499  1549  1539  1419  1523  1464  1462  1489  1513  1489  1426  1517  1478  1476  1519  1576  1463  1485  1450  
1480  1490  1489  1528  1528  1496  1460  1470  1465  1525  1435  1440  1404  1557  1523  1500  1520  1478  1414  1457  
1491  1572  1510  1534  1476  1511  1519  1512  1491  1459  1450  1461  1438  1498  1464  1504  1403  1503  1486  1473  
1584  1436  1581  1487  1524  1502  1451  1496  1526  1553  1523  1525  1488  1569  1517  1433  1438  1513  1511  1526  
1592  1519  1499  1466  1475  1559  1507  1467  1550  1521  1556  1517  1463  1488  1533  1408  1525  1496  1433  1503  
1511  1489  1491  1442  1478  1540  1530  1502  1479  1483  1482  1465  1434  1540  1466  1419  1438  1549  1552  1475  
1475  1476  1403  1441  1559  1580  1488  1476  1456  1433  1518  1525  1512  1478  1491  1472  1527  1495  1502  1522  
