1.19988
1540  1492  1417  1510  1462  1410  1516  1529  1525  1535  1438  1533  1444  1508  1488  1548  1648  1487  1421  1584  
1502  1503  1503  1415  1461  1515  1516  1554  1502  1612  1513  1515  1567  1470  1461  1541  1467  1475  1450  1494  
1420  1492  1523  1480  1477  1470  1456  1511  1566  1513  1550  1528  1568  1525  1470  1523  1594  1521  1518  1451  
1418  1429  1490  1448  1429  1437  1487  1475  1478  1529  1440  1512  1556  1500  1470  1502  1458  1472  1507  1483  
1454  1458  1512  1540  1431  1473  1538  1453  1436  1495  1541  1438  1512  1567  1504  1556  1493  1458  1460  1460  
1525  1523  1484  1574  1479  1501  1451  1530  1589  1485  1516  1505  1482  1524  1533  1471  1520  1542  1550  1457  
1548  1565  1614  1437  1480  1456  1469  1561  1446  1516  1463  1510  1476  1524  1577  1434  1502  1515  1547  1528  
1530  1474  1500  1529  1371  1439  1457  1468  1500  1549  1493  1510  1544  1523  1472  1468  1533  1503  1519  1470  
1510  1450  1462  1524  1493  1493  1518  1450  1462  1503  1486  1580  1510  1574  1581  1490  1506  1543  1495  1544  
1498  1504  1443  1509  1480  1491  1521  1529  1573  1556  1502  1524  1487  1485  1417  1538  1478  1508  1463  1422  
1491  1491  1618  1524  1432  1518  1493  1468  1461  1530  1515  1495  1472  1502  1604  1473  1500  1433  1492  1510  
1526  1420  1536  1465  1487  1547  1488  1514  1482  1552  1545  1523  1474  1506  1501  1584  1489  1532  1491  1528  
1542  1524  1514  1450  1539  1507  1529  1513  1518  1546  1430  1476  1505  1537  1545  1443  1511  1475  1433  1442  
1547  1538  1540  1526  1574  1477  1514  1529  1535  1505  1500  1507  1469  1485  1498  1495  1497  1408  1417  1534  
1539  1486  1471  1538  1426  1525  1437  1495  1533  1483  1391  1580  1433  1453  1478  1519  1472  1510  1512  1476  
1511  1539  1472  1569  1465  1525  1491  1555  1536  1473  1538  1566  1471  1503  1461  1482  1475  1446  1441  1584  
1461  1441  1469  1520  1532  1540  1492  1483  1498  1464  1484  1540  1518  1500  1523  1497  1558  1572  1458  1584  
1492  1600  1472  1564  1551  1461  1556  1548  1496  1436  1445  1574  1489  1540  1516  1494  1472  1458  1571  1472  
1532  1574  1543  1560  1516  1459  1418  1493  1573  1495  1491  1533  1464  1564  1510  1444  1445  1402  1523  1498  
1498  1471  1491  1512  1521  1516  1543  1504  1507  1445  1462  1451  1428  1417  1454  1553  1458  1507  1453  1495  
