1.20042
1447  1459  1480  1559  1451  1543  1497  1538  1497  1413  1551  1551  1471  1538  1556  1493  1561  1522  1513  1587  
1497  1494  1429  1528  1511  1448  1522  1491  1475  1535  1422  1453  1419  1452  1472  1536  1493  1534  1433  1478  
1468  1559  1561  1522  1542  1549  1581  1480  1506  1549  1465  1537  1533  1445  1469  1532  1485  1557  1553  1528  
1457  1517  1513  1445  1399  1521  1541  1472  1448  1441  1504  1460  1441  1426  1415  1442  1591  1392  1490  1503  
1501  1452  1578  1449  1443  1486  1486  1479  1582  1493  1593  1486  1564  1530  1579  1502  1602  1496  1454  1522  
1573  1475  1448  1506  1530  1433  1472  1420  1568  1485  1532  1457  1512  1522  1476  1486  1571  1486  1481  1492  
1512  1515  1553  1472  1437  1472  1613  1558  1534  1502  1487  1467  1406  1485  1460  1477  1553  1489  1548  1473  
1504  1541  1542  1518  1475  1452  1571  1478  1507  1519  1519  1571  1542  1486  1527  1461  1500  1488  1421  1516  
1479  1426  1462  1447  1557  1489  1477  1453  1399  1511  1468  1564  1484  1540  1470  1480  1504  1515  1429  1426  
1457  1518  1522  1528  1503  1460  1509  1471  1447  1431  1466  1467  1508  1519  1416  1534  1453  1591  1493  1473  
1515  1473  1519  1519  1533  1529  1475  1396  1557  1383  1514  1532  1458  1471  1555  1547  1498  1436  1611  1426  
1566  1502  1558  1484  1547  1432  1435  1542  1524  1454  1486  1496  1467  1480  1477  1474  1543  1473  1476  1564  
1529  1495  1492  1500  1526  1524  1559  1513  1506  1482  1470  1505  1458  1489  1488  1512  1461  1510  1504  1504  
1480  1599  1556  1503  1410  1475  1460  1520  1519  1487  1457  1460  1416  1492  1498  1531  1555  1488  1470  1473  
1516  1469  1505  1508  1445  1514  1575  1517  1515  1527  1474  1489  1540  1392  1584  1534  1474  1494  1604  1605  
1485  1487  1493  1470  1523  1569  1541  1516  1470  1586  1569  1516  1550  1470  1444  1451  1441  1454  1535  1533  
1484  1523  1578  1561  1480  1489  1537  1538  1481  1522  1469  1621  1487  1469  1432  1566  1529  1477  1494  1488  
1515  1581  1584  1483  1489  1484  1473  1481  1514  1435  1494  1467  1514  1501  1460  1519  1542  1479  1467  1517  
1538  1466  1501  1564  1424  1404  1478  1498  1507  1519  1527  1486  1459  1527  1571  1465  1480  1498  1567  1482  
1455  1537  1517  1447  1524  1502  1486  1503  1502  1603  1515  1503  1510  1525  1493  1517  1502  1432  1510  1506  
