1.20126
1455  1575  1477  1461  1428  1535  1570  1595  1588  1501  1476  1513  1531  1461  1440  1450  1461  1480  1532  1569  
1480  1564  1462  1560  1436  1520  1464  1525  1436  1533  1500  1516  1492  1472  1521  1564  1539  1523  1489  1473  
1542  1429  1503  1494  1541  1531  1495  1473  1568  1543  1438  1515  1570  1570  1473  1427  1479  1514  1495  1443  
1506  1524  1486  1560  1461  1491  1525  1549  1543  1475  1544  1563  1444  1585  1407  1447  1464  1534  1473  1473  
1481  1574  1529  1510  1488  1586  1497  1533  1459  1553  1544  1484  1354  1487  1479  1493  1572  1504  1488  1496  
1517  1518  1555  1520  1478  1478  1469  1518  1476  1461  1470  1531  1544  1514  1462  1485  1463  1525  1509  1544  
1483  1546  1490  1461  1501  1507  1513  1529  1418  1530  1479  1515  1476  1436  1469  1449  1483  1551  1468  1534  
1557  1472  1548  1452  1481  1657  1525  1542  1485  1455  1494  1425  1464  1505  1548  1475  1505  1577  1565  1520  
1501  1533  1494  1544  1496  1434  1467  1513  1454  1479  1505  1511  1472  1509  1484  1529  1530  1517  1474  1463  
1487  1588  1480  1518  1454  1516  1489  1564  1539  1515  1550  1555  1518  1480  1505  1530  1441  1530  1465  1471  
1520  1495  1549  1510  1507  1502  1518  1464  1459  1513  1471  1471  1550  1520  1574  1492  1499  1539  1482  1536  
1501  1503  1586  1437  1501  1586  1540  1507  1536  1471  1564  1516  1470  1458  1516  1521  1520  1445  1540  1460  
1536  1520  1474  1498  1479  1452  1491  1480  1497  1536  1521  1443  1577  1560  1479  1428  1470  1439  1504  1536  
1491  1432  1528  1522  1515  1573  1516  1410  1463  1487  1411  1542  1434  1501  1488  1523  1525  1421  1553  1514  
1471  1569  1528  1499  1538  1482  1542  1522  1489  1484  1421  1532  1447  1541  1523  1527  1530  1475  1474  1503  
1473  1524  1431  1557  1508  1493  1554  1469  1504  1513  1489  1464  1490  1499  1499  1515  1493  1509  1529  1551  
1447  1436  1553  1553  1526  1536  1497  1501  1481  1537  1476  1509  1500  1550  1564  1495  1507  1473  1555  1493  
1503  1578  1482  1466  1460  1424  1544  1463  1550  1459  1396  1547  1580  1592  1452  1528  1457  1494  1492  1470  
1467  1509  1549  1515  1527  1538  1492  1565  1537  1468  1524  1476  1509  1519  1520  1534  1499  1459  1548  1472  
1434  1511  1577  1522  1464  1568  1558  1475  1469  1432  1514  1481  1475  1548  1451  1468  1485  1471  1449  1551  
