1.19979
1449  1483  1505  1482  1479  1409  1484  1516  1467  1548  1443  1514  1576  1532  1504  1446  1519  1527  1494  1542  
1498  1513  1493  1525  1540  1564  1543  1518  1508  1484  1536  1545  1515  1548  1505  1446  1523  1479  1480  1512  
1529  1516  1494  1542  1513  1565  1453  1457  1514  1521  1518  1543  1445  1553  1507  1518  1511  1453  1505  1472  
1528  1536  1488  1493  1490  1497  1503  1488  1520  1517  1520  1497  1556  1555  1462  1459  1472  1470  1572  1565  
1485  1509  1504  1510  1554  1493  1450  1530  1463  1520  1460  1480  1449  1476  1503  1432  1512  1537  1483  1533  
1503  1472  1520  1543  1502  1521  1537  1517  1445  1493  1455  1551  1560  1502  1550  1518  1456  1496  1538  1542  
1500  1513  1482  1487  1485  1527  1508  1433  1468  1543  1578  1452  1529  1495  1553  1515  1510  1486  1448  1557  
1479  1515  1532  1445  1458  1432  1457  1427  1529  1554  1564  1488  1483  1498  1525  1589  1427  1512  1509  1506  
1575  1525  1529  1486  1462  1511  1516  1475  1501  1461  1511  1529  1486  1564  1599  1454  1538  1376  1530  1536  
1474  1488  1460  1490  1467  1496  1493  1499  1492  1485  1468  1499  1553  1537  1528  1476  1486  1478  1491  1411  
1517  1558  1459  1432  1530  1464  1456  1530  1489  1465  1495  1486  1485  1504  1481  1467  1489  1418  1480  1555  
1493  1396  1441  1407  1509  1525  1479  1433  1522  1514  1510  1468  1492  1513  1528  1511  1519  1577  1512  1462  
1446  1546  1573  1515  1489  1607  1433  1528  1570  1474  1522  1575  1572  1448  1596  1470  1495  1499  1492  1531  
1518  1456  1460  1503  1403  1509  1537  1482  1521  1534  1573  1500  1549  1497  1444  1474  1507  1416  1514  1466  
1565  1489  1534  1478  1443  1550  1611  1427  1444  1528  1500  1534  1538  1513  1515  1515  1519  1378  1389  1521  
1485  1475  1518  1466  1477  1455  1503  1370  1457  1452  1501  1497  1577  1483  1505  1522  1570  1536  1448  1518  
1518  1541  1480  1485  1511  1508  1428  1600  1550  1450  1439  1446  1532  1438  1447  1548  1533  1519  1469  1504  
1608  1498  1500  1453  1415  1483  1509  1536  1486  1570  1465  1455  1453  1510  1459  1433  1435  1529  1502  1553  
1511  1431  1538  1429  1532  1494  1535  1513  1449  1482  1579  1538  1549  1501  1503  1453  1449  1567  1448  1461  
1497  1512  1505  1535  1494  1491  1486  1545  1522  1559  1567  1537  1460  1531  1482  1542  1521  1526  1522  1567  
