1.17847
1402  1479  1459  1444  1447  1435  1464  1511  1486  1534  1523  1421  1563  1567  1442  1483  1513  1500  1488  1463  
1472  1400  1501  1429  1564  1491  1504  1509  1468  1467  1462  1473  1461  1470  1474  1522  1543  1397  1425  1530  
1520  1374  1467  1513  1468  1464  1426  1516  1459  1468  1542  1502  1483  1482  1455  1461  1547  1426  1504  1545  
1503  1500  1463  1370  1394  1512  1517  1544  1421  1478  1527  1493  1511  1428  1428  1488  1559  1510  1511  1364  
1443  1556  1443  1511  1501  1437  1515  1478  1472  1504  1473  1446  1483  1473  1432  1438  1519  1438  1524  1458  
1514  1492  1491  1519  1465  1394  1505  1424  1416  1493  1495  1494  1535  1424  1503  1439  1458  1496  1458  1490  
1450  1431  1486  1469  1444  1550  1482  1484  1511  1509  1571  1534  1411  1531  1424  1490  1426  1469  1467  1529  
1428  1529  1377  1446  1485  1444  1484  1518  1486  1466  1460  1517  1411  1526  1499  1486  1522  1524  1448  1488  
1509  1422  1469  1511  1430  1439  1418  1408  1526  1479  1541  1492  1433  1393  1484  1488  1501  1523  1383  1531  
1527  1494  1454  1400  1438  1467  1458  1480  1518  1491  1508  1445  1473  1450  1499  1517  1451  1462  1457  1495  
1501  1454  1559  1479  1469  1444  1475  1481  1415  1561  1402  1475  1498  1515  1477  1497  1459  1461  1476  1510  
1478  1498  1447  1491  1515  1490  1494  1515  1438  1465  1491  1488  1519  1567  1480  1474  1422  1373  1475  1458  
1394  1505  1446  1491  1550  1465  1466  1393  1496  1435  1483  1539  1465  1543  1481  1440  1508  1490  1492  1553  
1456  1442  1521  1456  1524  1460  1480  1533  1442  1494  1434  1469  1532  1443  1425  1547  1521  1461  1440  1471  
1513  1489  1543  1494  1507  1484  1462  1449  1465  1542  1421  1509  1481  1448  1547  1519  1463  1536  1531  1529  
1448  1487  1483  1556  1545  1578  1456  1487  1512  1460  1525  1485  1448  1486  1548  1468  1471  1479  1456  1466  
1441  1494  1447  1437  1445  1511  1419  1473  1542  1434  1510  1534  1503  1449  1489  1464  1487  1459  1478  1461  
1488  1450  1511  1435  1503  1471  1540  1472  1527  1541  1515  1504  1492  1511  1465  1411  1471  1485  1397  1465  
1442  1449  1472  1520  1440  1494  1444  1443  1403  1347  1473  1493  1514  1487  1528  1517  1494  1471  1456  1502  
1436  1513  1505  1536  1531  1511  1526  1583  1475  1490  1452  1468  1485  1450  1451  1476  1494  1464  1482  1530  
