1.19902
1465  1510  1498  1520  1513  1499  1503  1529  1491  1502  1507  1480  1483  1471  1566  1431  1479  1519  1480  1484  
1478  1541  1534  1466  1573  1503  1458  1486  1430  1493  1472  1498  1509  1488  1567  1554  1487  1464  1472  1491  
1515  1474  1454  1480  1534  1510  1449  1529  1496  1484  1444  1487  1486  1449  1526  1469  1463  1503  1481  1480  
1494  1544  1490  1509  1467  1490  1571  1490  1553  1534  1540  1518  1496  1526  1554  1402  1489  1492  1465  1470  
1567  1480  1496  1521  1469  1500  1609  1483  1513  1552  1541  1539  1424  1440  1489  1522  1519  1481  1501  1452  
1549  1541  1506  1503  1501  1541  1496  1514  1512  1529  1540  1438  1426  1449  1475  1442  1543  1461  1457  1463  
1479  1502  1591  1543  1496  1410  1445  1579  1490  1426  1410  1489  1428  1563  1544  1417  1515  1535  1522  1527  
1535  1509  1545  1511  1507  1489  1531  1447  1492  1561  1496  1528  1468  1435  1523  1529  1428  1516  1455  1540  
1517  1439  1527  1502  1523  1491  1562  1430  1522  1523  1530  1580  1496  1506  1521  1409  1425  1528  1535  1419  
1481  1534  1515  1451  1487  1563  1466  1477  1387  1497  1513  1469  1460  1475  1562  1432  1497  1480  1463  1470  
1541  1538  1509  1488  1490  1464  1481  1532  1479  1566  1505  1492  1506  1469  1534  1533  1485  1511  1473  1517  
1480  1532  1478  1521  1463  1547  1512  1485  1524  1462  1527  1407  1426  1445  1455  1455  1496  1519  1504  1480  
1530  1549  1436  1511  1494  1516  1470  1492  1514  1491  1508  1543  1493  1456  1480  1577  1451  1524  1504  1499  
1564  1526  1543  1570  1510  1456  1536  1521  1547  1417  1459  1487  1484  1544  1515  1477  1487  1532  1499  1560  
1540  1529  1579  1492  1565  1471  1371  1533  1469  1577  1590  1545  1427  1487  1514  1517  1499  1518  1453  1520  
1571  1425  1484  1606  1464  1516  1530  1435  1492  1506  1597  1502  1435  1504  1519  1454  1442  1530  1400  1577  
1505  1471  1445  1497  1411  1538  1528  1480  1547  1514  1453  1514  1559  1519  1436  1506  1534  1415  1526  1511  
1491  1526  1440  1558  1519  1471  1468  1460  1439  1603  1559  1530  1515  1458  1508  1465  1556  1593  1514  1511  
1498  1427  1424  1510  1550  1453  1497  1579  1473  1493  1560  1477  1505  1550  1544  1469  1480  1461  1555  1477  
1405  1435  1516  1562  1538  1503  1437  1511  1424  1447  1567  1562  1506  1482  1505  1486  1584  1522  1527  1584  
