1.2002
1533  1517  1570  1564  1485  1558  1476  1461  1501  1470  1518  1534  1464  1412  1455  1461  1465  1477  1510  1460  
1503  1507  1478  1562  1580  1554  1426  1460  1465  1455  1546  1497  1453  1520  1549  1530  1565  1519  1440  1530  
1505  1461  1568  1459  1502  1398  1461  1495  1527  1528  1565  1538  1498  1560  1520  1504  1527  1451  1560  1570  
1522  1406  1455  1501  1433  1463  1510  1563  1489  1481  1498  1488  1519  1481  1499  1491  1399  1519  1521  1523  
1491  1474  1493  1545  1471  1478  1475  1482  1506  1483  1520  1523  1486  1530  1537  1475  1478  1493  1451  1495  
1479  1440  1524  1490  1479  1510  1533  1421  1516  1487  1498  1483  1512  1517  1478  1543  1480  1495  1432  1539  
1455  1495  1567  1531  1591  1405  1440  1481  1490  1506  1529  1523  1477  1466  1560  1423  1523  1414  1466  1525  
1515  1522  1489  1506  1535  1486  1561  1501  1494  1512  1495  1491  1478  1538  1591  1478  1484  1693  1493  1550  
1521  1530  1529  1481  1435  1497  1491  1547  1530  1508  1560  1484  1541  1546  1489  1483  1509  1432  1651  1439  
1539  1495  1397  1438  1444  1497  1491  1487  1503  1471  1528  1472  1470  1586  1481  1575  1500  1513  1565  1489  
1490  1553  1526  1475  1553  1517  1523  1475  1473  1503  1498  1478  1492  1486  1488  1449  1454  1475  1557  1523  
1509  1482  1448  1505  1516  1475  1440  1559  1517  1485  1469  1470  1533  1565  1529  1514  1531  1528  1522  1496  
1474  1518  1515  1495  1540  1528  1485  1567  1487  1503  1510  1557  1426  1541  1567  1455  1495  1521  1432  1453  
1566  1542  1454  1434  1454  1522  1527  1430  1561  1508  1528  1538  1391  1499  1505  1490  1570  1455  1498  1478  
1560  1486  1509  1472  1519  1502  1508  1472  1551  1407  1514  1446  1502  1484  1487  1568  1504  1453  1516  1503  
1535  1481  1504  1464  1476  1505  1542  1516  1520  1413  1552  1435  1496  1489  1555  1504  1447  1444  1529  1532  
1496  1612  1481  1516  1470  1512  1507  1494  1529  1464  1552  1530  1558  1490  1500  1455  1487  1479  1455  1423  
1409  1494  1489  1501  1407  1526  1468  1505  1494  1537  1513  1460  1580  1508  1492  1488  1477  1495  1483  1440  
1513  1459  1543  1526  1485  1496  1489  1533  1536  1540  1513  1479  1446  1503  1407  1433  1540  1455  1460  1511  
1590  1547  1487  1477  1493  1492  1500  1462  1538  1478  1497  1553  1565  1472  1472  1519  1529  1539  1486  1498  
