1.18741
1479  1471  1454  1469  1481  1412  1537  1492  1428  1513  1465  1528  1503  1502  1409  1500  1479  1491  1458  1480  
1514  1490  1511  1493  1450  1489  1485  1493  1515  1523  1471  1481  1444  1438  1529  1453  1452  1459  1394  1572  
1494  1448  1457  1535  1510  1549  1500  1492  1477  1545  1495  1444  1516  1499  1511  1558  1576  1503  1536  1472  
1560  1471  1406  1453  1497  1432  1503  1528  1462  1446  1485  1555  1445  1444  1404  1465  1532  1493  1434  1461  
1577  1423  1441  1465  1483  1477  1471  1559  1490  1495  1493  1470  1509  1392  1523  1437  1525  1583  1478  1517  
1509  1427  1438  1468  1483  1465  1529  1504  1520  1508  1481  1540  1534  1504  1456  1523  1478  1560  1460  1426  
1393  1520  1406  1518  1555  1487  1546  1512  1528  1455  1423  1558  1516  1481  1553  1583  1435  1434  1551  1485  
1467  1451  1459  1500  1432  1422  1551  1447  1488  1514  1467  1535  1473  1534  1454  1526  1508  1528  1415  1538  
1525  1457  1519  1429  1509  1527  1471  1524  1469  1452  1570  1495  1470  1446  1541  1480  1441  1387  1456  1493  
1509  1466  1420  1472  1512  1426  1498  1403  1487  1456  1546  1508  1526  1426  1510  1442  1485  1543  1503  1528  
1481  1568  1555  1481  1529  1420  1544  1402  1514  1553  1423  1477  1492  1495  1446  1562  1485  1513  1526  1538  
1551  1494  1460  1423  1450  1463  1502  1397  1431  1585  1531  1502  1393  1454  1500  1455  1489  1436  1431  1396  
1483  1471  1489  1521  1499  1454  1479  1524  1574  1495  1473  1480  1522  1507  1446  1591  1479  1484  1518  1527  
1419  1470  1464  1456  1496  1442  1590  1466  1471  1479  1497  1519  1507  1490  1509  1429  1456  1527  1474  1465  
1409  1418  1535  1599  1542  1459  1510  1500  1441  1433  1451  1470  1505  1487  1491  1499  1512  1471  1572  1509  
1498  1514  1509  1521  1500  1526  1517  1480  1533  1494  1541  1514  1586  1434  1454  1535  1465  1442  1486  1406  
1540  1480  1482  1532  1467  1546  1453  1496  1509  1411  1474  1485  1485  1567  1502  1442  1466  1506  1425  1485  
1432  1531  1508  1469  1501  1528  1451  1426  1485  1508  1550  1478  1464  1451  1468  1504  1478  1493  1521  1535  
1544  1470  1439  1556  1471  1503  1441  1509  1469  1544  1510  1526  1417  1424  1489  1472  1542  1506  1435  1457  
1381  1476  1494  1446  1479  1520  1434  1536  1451  1532  1486  1506  1501  1533  1470  1500  1466  1496  1556  1563  
