1.20067
1462  1462  1487  1509  1419  1497  1453  1483  1557  1483  1521  1469  1463  1481  1498  1501  1495  1483  1493  1517  
1453  1458  1535  1556  1492  1441  1505  1534  1497  1439  1540  1512  1551  1516  1481  1512  1412  1510  1593  1493  
1566  1510  1558  1582  1583  1504  1529  1520  1531  1552  1543  1510  1507  1486  1514  1504  1476  1533  1424  1534  
1457  1493  1512  1430  1435  1504  1471  1527  1527  1396  1553  1478  1443  1596  1461  1496  1482  1510  1502  1562  
1544  1513  1531  1493  1570  1533  1494  1551  1505  1430  1543  1505  1581  1506  1474  1474  1456  1505  1489  1462  
1535  1524  1506  1517  1514  1557  1487  1534  1522  1498  1480  1489  1479  1514  1461  1514  1435  1466  1531  1517  
1509  1506  1486  1467  1533  1452  1513  1401  1584  1431  1490  1534  1460  1527  1539  1480  1446  1494  1515  1537  
1479  1492  1555  1549  1553  1460  1540  1448  1518  1469  1520  1493  1584  1466  1476  1492  1446  1515  1563  1525  
1534  1509  1550  1467  1501  1456  1520  1544  1484  1536  1539  1480  1534  1463  1547  1534  1465  1518  1487  1504  
1526  1506  1438  1440  1431  1539  1507  1480  1507  1420  1534  1488  1517  1562  1540  1512  1530  1542  1531  1488  
1514  1495  1418  1579  1569  1521  1488  1431  1521  1525  1431  1566  1489  1492  1505  1480  1495  1488  1559  1519  
1539  1433  1490  1404  1472  1544  1522  1510  1471  1479  1525  1485  1514  1576  1484  1525  1437  1502  1515  1506  
1430  1512  1491  1451  1512  1537  1514  1495  1488  1556  1593  1516  1532  1484  1632  1390  1465  1505  1501  1437  
1518  1484  1521  1477  1529  1548  1416  1465  1516  1443  1551  1548  1494  1520  1554  1434  1476  1459  1508  1480  
1470  1394  1482  1510  1536  1448  1524  1572  1460  1521  1522  1531  1482  1449  1560  1477  1524  1474  1431  1488  
1525  1469  1519  1513  1479  1412  1449  1486  1550  1544  1532  1555  1504  1447  1600  1564  1457  1514  1504  1571  
1459  1559  1512  1410  1432  1488  1463  1447  1535  1493  1480  1472  1523  1504  1504  1473  1452  1492  1474  1512  
1606  1451  1527  1451  1438  1555  1524  1452  1574  1514  1557  1499  1496  1433  1430  1473  1541  1527  1413  1562  
1535  1462  1620  1456  1453  1435  1549  1434  1494  1449  1598  1510  1484  1537  1509  1456  1479  1437  1513  1494  
1550  1449  1472  1538  1573  1573  1473  1408  1551  1472  1510  1504  1492  1482  1441  1491  1485  1458  1514  1636  
