1.19328
1440  1508  1405  1562  1448  1436  1491  1519  1502  1601  1491  1462  1515  1472  1454  1437  1449  1436  1499  1547  
1475  1488  1519  1397  1484  1417  1563  1460  1506  1588  1487  1441  1522  1551  1463  1443  1578  1494  1591  1509  
1484  1416  1550  1435  1474  1448  1425  1524  1457  1539  1454  1429  1481  1491  1497  1556  1510  1555  1558  1525  
1529  1481  1425  1448  1501  1471  1543  1485  1537  1451  1463  1507  1560  1538  1479  1547  1526  1519  1515  1469  
1562  1518  1496  1550  1551  1524  1472  1468  1483  1515  1475  1503  1542  1529  1478  1473  1478  1541  1475  1455  
1362  1496  1519  1509  1488  1488  1459  1487  1521  1458  1529  1524  1445  1415  1506  1443  1531  1419  1482  1493  
1443  1452  1396  1535  1498  1496  1538  1544  1485  1462  1525  1548  1516  1541  1468  1501  1488  1453  1476  1457  
1466  1529  1488  1489  1515  1508  1509  1457  1466  1501  1563  1508  1439  1497  1482  1546  1452  1520  1450  1508  
1415  1453  1461  1496  1476  1469  1543  1478  1544  1465  1600  1548  1502  1464  1491  1480  1487  1393  1464  1423  
1452  1535  1518  1496  1515  1454  1542  1520  1439  1557  1516  1549  1560  1528  1446  1435  1510  1515  1472  1463  
1434  1529  1482  1464  1489  1516  1451  1509  1525  1452  1577  1489  1500  1440  1438  1390  1477  1523  1462  1550  
1569  1526  1528  1453  1574  1484  1517  1499  1457  1504  1471  1514  1474  1577  1513  1411  1462  1504  1509  1446  
1515  1455  1408  1504  1512  1550  1515  1499  1491  1461  1473  1521  1510  1515  1515  1535  1509  1498  1439  1489  
1447  1419  1424  1500  1491  1445  1434  1382  1465  1538  1536  1631  1531  1504  1545  1480  1483  1570  1467  1510  
1517  1549  1560  1528  1610  1505  1611  1561  1565  1534  1480  1510  1449  1418  1469  1483  1473  1549  1427  1571  
1526  1404  1503  1524  1535  1446  1487  1496  1461  1466  1407  1550  1542  1496  1482  1433  1458  1457  1472  1543  
1456  1465  1512  1488  1544  1502  1482  1429  1412  1518  1489  1508  1485  1533  1525  1457  1554  1515  1526  1543  
1442  1553  1418  1495  1499  1533  1503  1528  1460  1531  1439  1541  1438  1575  1491  1509  1494  1433  1537  1547  
1482  1463  1418  1510  1470  1514  1463  1554  1431  1491  1489  1472  1478  1526  1495  1480  1442  1443  1503  1510  
1508  1508  1518  1546  1495  1475  1476  1462  1532  1507  1415  1463  1419  1510  1501  1404  1481  1506  1538  1434  
