1.19865
1588  1462  1483  1489  1539  1506  1509  1513  1435  1491  1441  1525  1513  1505  1514  1461  1462  1524  1497  1503  
1453  1493  1577  1538  1460  1499  1561  1495  1561  1442  1442  1462  1529  1588  1468  1462  1506  1440  1497  1517  
1558  1562  1444  1465  1455  1440  1486  1483  1470  1500  1519  1484  1425  1579  1461  1497  1523  1583  1492  1411  
1472  1468  1532  1527  1424  1529  1512  1492  1435  1552  1549  1447  1488  1460  1443  1481  1472  1541  1424  1518  
1495  1455  1498  1490  1519  1465  1429  1565  1489  1510  1486  1543  1501  1495  1621  1486  1524  1422  1485  1483  
1447  1506  1550  1566  1479  1534  1504  1436  1434  1531  1501  1500  1534  1499  1536  1449  1509  1587  1499  1528  
1461  1432  1529  1448  1492  1519  1553  1503  1479  1537  1476  1512  1518  1508  1456  1459  1469  1475  1488  1451  
1478  1487  1587  1419  1474  1501  1452  1434  1490  1569  1533  1443  1464  1498  1499  1528  1446  1465  1507  1521  
1475  1522  1533  1468  1552  1487  1517  1533  1512  1473  1532  1472  1437  1478  1531  1485  1457  1584  1476  1412  
1505  1501  1463  1512  1510  1485  1503  1543  1521  1537  1500  1530  1462  1443  1522  1579  1460  1512  1475  1547  
1559  1527  1529  1490  1509  1489  1508  1467  1510  1489  1407  1563  1437  1497  1569  1489  1435  1490  1472  1482  
1472  1501  1547  1529  1485  1487  1542  1571  1433  1477  1507  1462  1626  1503  1402  1528  1564  1491  1452  1462  
1432  1563  1449  1458  1474  1523  1523  1490  1501  1558  1439  1523  1573  1577  1474  1427  1462  1615  1488  1547  
1484  1545  1529  1553  1569  1485  1565  1537  1481  1440  1494  1501  1420  1456  1531  1427  1535  1577  1514  1523  
1465  1503  1509  1547  1392  1519  1404  1494  1515  1488  1494  1518  1500  1491  1418  1503  1590  1443  1494  1553  
1479  1564  1545  1543  1534  1505  1470  1492  1540  1555  1489  1470  1519  1490  1490  1461  1528  1520  1527  1518  
1449  1518  1567  1479  1506  1531  1422  1524  1476  1577  1503  1547  1590  1558  1570  1472  1534  1582  1511  1468  
1422  1525  1451  1542  1503  1485  1468  1562  1536  1570  1492  1518  1440  1483  1506  1521  1511  1499  1521  1476  
1410  1485  1528  1517  1468  1477  1528  1544  1518  1508  1423  1461  1525  1483  1503  1471  1541  1507  1464  1519  
1559  1474  1537  1555  1447  1540  1416  1500  1540  1432  1472  1489  1513  1453  1472  1468  1476  1496  1451  1504  
