1.2012
1468  1463  1516  1560  1502  1521  1484  1549  1421  1571  1541  1433  1485  1533  1539  1472  1491  1610  1453  1504  
1458  1474  1453  1529  1478  1473  1380  1498  1488  1461  1463  1467  1487  1526  1461  1490  1611  1580  1540  1503  
1436  1516  1529  1517  1498  1491  1481  1514  1565  1517  1497  1533  1465  1547  1479  1399  1530  1484  1492  1443  
1582  1471  1515  1519  1497  1495  1537  1461  1522  1515  1484  1535  1503  1396  1438  1570  1547  1445  1566  1434  
1544  1498  1469  1533  1458  1466  1518  1528  1524  1547  1505  1557  1489  1447  1514  1415  1495  1408  1543  1543  
1518  1482  1478  1503  1451  1471  1538  1513  1501  1484  1596  1497  1534  1512  1449  1461  1471  1482  1576  1446  
1491  1529  1474  1499  1483  1529  1571  1481  1586  1608  1504  1528  1516  1519  1546  1467  1543  1574  1517  1389  
1523  1538  1436  1556  1495  1557  1549  1518  1560  1521  1523  1511  1449  1442  1503  1503  1462  1505  1539  1436  
1452  1498  1487  1505  1459  1479  1512  1535  1519  1487  1559  1513  1502  1566  1533  1559  1512  1468  1401  1536  
1518  1513  1583  1545  1550  1502  1452  1459  1475  1487  1485  1547  1473  1542  1485  1444  1519  1499  1492  1560  
1568  1528  1527  1582  1546  1494  1496  1476  1480  1523  1513  1497  1538  1433  1492  1457  1411  1525  1568  1436  
1533  1454  1481  1555  1409  1544  1558  1520  1465  1486  1419  1506  1516  1520  1523  1500  1509  1468  1513  1495  
1494  1490  1558  1539  1521  1468  1522  1471  1515  1458  1500  1591  1445  1426  1474  1483  1547  1478  1545  1456  
1582  1474  1447  1512  1546  1479  1591  1507  1501  1505  1468  1505  1502  1502  1499  1411  1543  1572  1451  1487  
1446  1531  1521  1559  1525  1512  1484  1503  1551  1514  1519  1488  1514  1510  1548  1560  1444  1450  1464  1576  
1528  1498  1522  1538  1558  1513  1548  1555  1477  1506  1486  1523  1479  1464  1454  1525  1530  1488  1532  1482  
1463  1546  1511  1526  1514  1467  1480  1480  1482  1465  1521  1501  1493  1488  1503  1485  1526  1533  1436  1538  
1519  1487  1551  1500  1466  1543  1463  1447  1526  1473  1515  1452  1492  1459  1567  1466  1485  1500  1415  1462  
1516  1519  1533  1482  1482  1553  1423  1465  1508  1497  1554  1513  1508  1563  1474  1537  1549  1476  1489  1467  
1435  1532  1512  1558  1559  1415  1623  1546  1496  1484  1430  1549  1541  1522  1515  1530  1495  1523  1521  1468  
