1.1995
1441  1453  1534  1492  1477  1491  1585  1496  1455  1530  1559  1519  1531  1418  1530  1538  1499  1544  1446  1532  
1432  1488  1435  1527  1517  1534  1520  1414  1441  1563  1440  1477  1537  1486  1534  1504  1507  1567  1514  1500  
1477  1559  1549  1495  1455  1567  1575  1484  1509  1461  1576  1515  1431  1498  1472  1488  1491  1474  1504  1547  
1515  1474  1465  1492  1501  1532  1534  1545  1535  1513  1492  1497  1499  1490  1487  1556  1506  1475  1538  1550  
1493  1454  1440  1471  1482  1483  1505  1510  1544  1546  1494  1500  1538  1508  1509  1542  1648  1526  1470  1511  
1441  1562  1509  1527  1481  1509  1482  1527  1475  1421  1492  1527  1438  1541  1480  1480  1475  1440  1507  1496  
1510  1424  1510  1471  1497  1517  1461  1480  1460  1477  1416  1465  1493  1441  1457  1425  1502  1485  1431  1476  
1458  1450  1470  1484  1502  1412  1511  1511  1451  1498  1593  1555  1478  1448  1503  1504  1509  1504  1424  1425  
1436  1536  1498  1495  1519  1478  1520  1463  1476  1580  1469  1491  1538  1565  1496  1532  1573  1468  1469  1434  
1379  1554  1459  1443  1519  1561  1550  1491  1443  1488  1481  1555  1455  1495  1474  1510  1596  1503  1521  1527  
1446  1453  1468  1486  1476  1471  1483  1427  1505  1528  1470  1483  1488  1481  1466  1514  1541  1450  1518  1515  
1510  1511  1470  1511  1549  1461  1462  1442  1452  1403  1536  1484  1388  1539  1477  1544  1551  1588  1483  1507  
1462  1588  1499  1548  1550  1522  1415  1421  1453  1517  1580  1475  1418  1459  1521  1549  1475  1516  1516  1436  
1526  1490  1503  1511  1457  1440  1574  1489  1578  1399  1406  1458  1453  1480  1512  1504  1492  1477  1517  1523  
1521  1562  1541  1410  1589  1511  1548  1474  1525  1560  1488  1500  1444  1501  1517  1456  1461  1411  1558  1483  
1506  1531  1467  1641  1558  1522  1561  1479  1486  1511  1568  1513  1547  1500  1525  1550  1476  1499  1436  1469  
1409  1487  1485  1501  1501  1555  1544  1514  1495  1508  1476  1474  1461  1484  1467  1505  1510  1461  1444  1490  
1532  1525  1488  1547  1622  1500  1486  1559  1549  1409  1494  1449  1513  1431  1442  1438  1542  1519  1510  1505  
1489  1588  1456  1542  1496  1469  1560  1531  1489  1474  1492  1516  1533  1517  1535  1500  1480  1518  1545  1558  
1525  1436  1482  1566  1539  1495  1520  1558  1522  1501  1491  1470  1547  1465  1572  1549  1473  1502  1522  1551  
