1.20162
1479  1438  1549  1523  1556  1452  1550  1512  1456  1424  1472  1507  1427  1526  1440  1587  1543  1536  1490  1513  
1474  1531  1484  1583  1456  1487  1586  1507  1485  1555  1500  1465  1485  1552  1566  1465  1543  1482  1472  1502  
1512  1543  1461  1472  1492  1521  1527  1507  1570  1542  1521  1507  1506  1549  1460  1524  1501  1530  1537  1565  
1534  1474  1610  1557  1549  1483  1431  1583  1580  1525  1560  1489  1513  1514  1513  1452  1500  1477  1532  1461  
1467  1467  1467  1496  1578  1494  1527  1539  1518  1515  1464  1475  1524  1467  1525  1465  1514  1431  1433  1490  
1502  1570  1493  1473  1508  1563  1486  1502  1426  1525  1456  1515  1522  1510  1514  1510  1441  1527  1598  1505  
1473  1462  1545  1471  1522  1500  1516  1533  1427  1510  1464  1441  1530  1477  1518  1565  1489  1501  1425  1587  
1444  1492  1496  1494  1537  1455  1558  1496  1522  1561  1439  1449  1569  1461  1457  1502  1462  1483  1555  1476  
1487  1504  1502  1520  1408  1483  1490  1522  1486  1511  1490  1457  1540  1517  1499  1498  1533  1445  1524  1471  
1521  1537  1429  1544  1503  1415  1444  1526  1551  1521  1469  1506  1524  1498  1484  1474  1510  1492  1441  1509  
1554  1565  1461  1466  1477  1413  1499  1377  1440  1511  1581  1559  1571  1498  1502  1463  1506  1495  1583  1487  
1566  1507  1540  1505  1504  1518  1453  1526  1523  1460  1457  1528  1534  1495  1455  1497  1418  1494  1517  1492  
1399  1501  1475  1530  1459  1485  1503  1480  1458  1440  1512  1605  1521  1517  1472  1537  1478  1462  1455  1480  
1529  1599  1519  1420  1462  1505  1512  1497  1464  1530  1540  1595  1502  1510  1515  1422  1461  1518  1431  1520  
1524  1573  1468  1521  1513  1555  1469  1459  1542  1501  1532  1374  1498  1487  1485  1555  1515  1513  1526  1507  
1611  1578  1568  1546  1541  1451  1522  1523  1552  1468  1558  1453  1477  1525  1471  1470  1477  1451  1528  1457  
1563  1526  1495  1532  1510  1477  1526  1536  1493  1468  1487  1530  1481  1473  1499  1497  1541  1408  1508  1535  
1509  1520  1510  1510  1443  1575  1478  1473  1473  1509  1513  1487  1518  1432  1504  1494  1476  1510  1520  1439  
1475  1484  1524  1516  1493  1536  1499  1477  1421  1530  1550  1544  1532  1492  1476  1477  1425  1503  1492  1489  
1476  1505  1526  1519  1532  1500  1447  1526  1570  1496  1501  1456  1497  1413  1506  1586  1442  1492  1503  1529  
