1.20023
1512  1563  1479  1519  1484  1492  1562  1518  1438  1533  1528  1454  1507  1546  1611  1473  1554  1463  1570  1505  
1441  1526  1505  1441  1536  1494  1585  1512  1490  1533  1535  1468  1537  1476  1563  1462  1532  1543  1538  1523  
1431  1510  1535  1623  1448  1512  1443  1520  1520  1551  1537  1484  1553  1480  1445  1518  1531  1461  1491  1547  
1458  1491  1491  1550  1503  1544  1513  1486  1481  1546  1463  1546  1549  1478  1494  1478  1493  1502  1471  1483  
1486  1478  1462  1545  1486  1514  1432  1495  1462  1516  1468  1494  1583  1507  1454  1500  1436  1448  1525  1486  
1485  1470  1463  1485  1486  1529  1503  1554  1488  1495  1446  1500  1535  1491  1449  1534  1571  1484  1528  1514  
1450  1470  1485  1525  1450  1422  1498  1426  1505  1528  1553  1567  1519  1430  1512  1490  1505  1495  1504  1494  
1431  1480  1483  1434  1486  1473  1513  1485  1478  1434  1494  1458  1472  1591  1492  1513  1462  1442  1453  1536  
1500  1470  1535  1541  1460  1537  1458  1476  1457  1436  1431  1553  1486  1470  1518  1505  1488  1538  1534  1527  
1480  1447  1496  1531  1469  1563  1515  1435  1476  1530  1466  1552  1576  1509  1514  1518  1429  1513  1413  1578  
1504  1541  1503  1423  1460  1508  1471  1504  1572  1521  1459  1475  1463  1466  1489  1471  1463  1422  1467  1480  
1548  1565  1481  1472  1420  1541  1495  1498  1515  1519  1590  1454  1509  1513  1625  1576  1466  1499  1429  1452  
1482  1413  1501  1494  1572  1504  1507  1570  1490  1552  1369  1552  1535  1427  1472  1486  1557  1488  1494  1526  
1515  1454  1462  1537  1527  1512  1443  1567  1547  1483  1465  1553  1457  1457  1585  1516  1487  1503  1573  1490  
1532  1442  1528  1494  1515  1491  1563  1447  1410  1491  1478  1566  1504  1487  1487  1482  1472  1466  1462  1498  
1516  1517  1526  1532  1488  1504  1513  1510  1589  1471  1524  1581  1499  1484  1481  1511  1442  1543  1458  1524  
1524  1436  1546  1523  1476  1565  1513  1450  1443  1442  1526  1470  1492  1485  1375  1455  1513  1492  1543  1429  
1496  1544  1529  1574  1472  1488  1544  1480  1504  1486  1477  1531  1409  1469  1515  1539  1514  1493  1492  1561  
1556  1545  1419  1531  1498  1555  1504  1562  1491  1413  1534  1490  1497  1521  1474  1484  1504  1523  1485  1474  
1554  1440  1497  1483  1481  1491  1494  1524  1605  1547  1590  1454  1478  1448  1504  1562  1451  1463  1508  1486  
