1.19685
1480  1592  1452  1516  1513  1525  1412  1511  1464  1440  1521  1560  1495  1469  1474  1501  1473  1498  1521  1483  
1589  1494  1465  1393  1541  1531  1397  1496  1487  1497  1484  1625  1493  1526  1509  1532  1547  1538  1480  1462  
1479  1470  1442  1499  1507  1452  1500  1538  1517  1536  1513  1472  1493  1386  1490  1515  1496  1561  1466  1435  
1480  1509  1501  1546  1487  1526  1450  1534  1505  1412  1476  1443  1510  1485  1416  1537  1480  1530  1493  1468  
1544  1494  1495  1537  1490  1549  1447  1546  1485  1519  1485  1491  1437  1565  1535  1472  1440  1454  1606  1504  
1512  1517  1509  1463  1470  1540  1431  1525  1526  1523  1513  1468  1465  1486  1479  1444  1433  1506  1427  1527  
1487  1513  1551  1549  1473  1498  1410  1503  1572  1510  1558  1425  1548  1525  1452  1514  1480  1478  1448  1502  
1583  1455  1462  1557  1540  1447  1422  1509  1496  1527  1504  1567  1449  1547  1459  1475  1461  1528  1569  1444  
1503  1522  1550  1562  1490  1480  1483  1531  1499  1491  1481  1483  1531  1504  1435  1485  1492  1513  1531  1531  
1427  1458  1466  1474  1556  1536  1446  1456  1537  1496  1480  1518  1563  1487  1514  1439  1446  1542  1402  1471  
1529  1559  1441  1519  1548  1439  1535  1540  1543  1414  1417  1507  1654  1493  1509  1534  1397  1386  1540  1512  
1451  1450  1463  1452  1533  1495  1480  1481  1492  1593  1459  1466  1503  1506  1506  1487  1480  1486  1556  1488  
1443  1479  1503  1504  1465  1549  1448  1515  1553  1500  1449  1462  1485  1522  1525  1463  1608  1509  1481  1499  
1569  1535  1501  1485  1586  1518  1471  1461  1432  1454  1508  1485  1493  1506  1546  1532  1452  1525  1510  1461  
1468  1454  1494  1502  1385  1486  1467  1478  1534  1491  1442  1547  1509  1383  1454  1465  1513  1465  1538  1491  
1448  1476  1504  1419  1448  1505  1535  1408  1532  1526  1508  1543  1406  1537  1482  1527  1491  1580  1483  1508  
1589  1460  1505  1456  1475  1519  1551  1536  1590  1491  1495  1493  1532  1576  1510  1479  1530  1489  1586  1491  
1522  1468  1507  1518  1539  1469  1438  1503  1472  1510  1488  1483  1519  1462  1511  1518  1498  1605  1591  1491  
1451  1515  1497  1490  1541  1514  1461  1449  1544  1486  1576  1460  1476  1463  1461  1542  1504  1492  1486  1499  
1507  1571  1531  1471  1494  1417  1511  1506  1590  1467  1454  1439  1472  1509  1510  1486  1519  1464  1501  1440  
