1.20084
1452  1563  1517  1432  1503  1508  1527  1469  1522  1428  1492  1498  1526  1495  1504  1494  1557  1516  1528  1440  
1439  1530  1475  1449  1506  1523  1532  1483  1491  1559  1580  1554  1506  1505  1565  1423  1493  1544  1529  1522  
1518  1457  1579  1507  1461  1490  1541  1513  1453  1471  1459  1602  1476  1527  1492  1542  1532  1571  1506  1447  
1526  1516  1494  1526  1480  1504  1503  1462  1467  1546  1492  1542  1549  1523  1443  1398  1464  1533  1528  1481  
1521  1478  1531  1466  1433  1503  1487  1442  1488  1510  1485  1500  1454  1547  1532  1547  1453  1539  1525  1468  
1529  1531  1479  1435  1437  1498  1537  1527  1512  1498  1561  1415  1523  1506  1448  1501  1424  1530  1519  1498  
1471  1454  1401  1490  1417  1474  1459  1552  1473  1528  1456  1493  1530  1521  1523  1517  1523  1536  1508  1542  
1460  1549  1439  1441  1538  1547  1478  1479  1493  1477  1533  1381  1507  1403  1503  1527  1509  1490  1535  1519  
1474  1455  1524  1472  1483  1455  1488  1550  1442  1442  1469  1443  1535  1463  1517  1548  1516  1554  1477  1471  
1485  1525  1466  1579  1488  1470  1511  1567  1487  1525  1476  1519  1552  1502  1511  1516  1484  1494  1492  1592  
1555  1525  1447  1510  1523  1441  1423  1507  1491  1517  1501  1444  1525  1512  1526  1461  1597  1498  1500  1568  
1518  1484  1515  1529  1559  1515  1543  1460  1523  1475  1447  1490  1427  1503  1547  1524  1495  1529  1487  1479  
1574  1471  1532  1484  1507  1478  1583  1587  1354  1506  1436  1607  1504  1492  1487  1530  1527  1514  1477  1540  
1537  1492  1508  1503  1533  1505  1482  1560  1570  1426  1505  1502  1519  1507  1498  1531  1478  1425  1468  1518  
1551  1492  1483  1519  1514  1479  1429  1544  1458  1511  1412  1524  1498  1478  1534  1479  1511  1490  1452  1518  
1545  1543  1437  1571  1522  1503  1522  1530  1522  1496  1516  1535  1492  1453  1497  1540  1508  1471  1435  1473  
1423  1469  1506  1516  1466  1501  1463  1557  1511  1523  1459  1482  1605  1531  1497  1472  1459  1517  1467  1507  
1468  1576  1530  1486  1474  1494  1543  1561  1461  1419  1507  1539  1493  1500  1480  1431  1460  1489  1461  1439  
1654  1479  1513  1559  1506  1428  1508  1477  1557  1499  1509  1494  1466  1459  1534  1439  1438  1416  1523  1498  
1603  1642  1482  1553  1552  1504  1504  1496  1481  1484  1469  1506  1454  1493  1481  1527  1543  1510  1470  1516  
