1.20073
1514  1465  1485  1485  1523  1509  1504  1447  1543  1491  1500  1536  1473  1507  1469  1532  1482  1474  1427  1532  
1502  1535  1554  1488  1483  1551  1536  1434  1523  1554  1454  1528  1458  1457  1471  1461  1523  1475  1557  1461  
1490  1559  1551  1420  1488  1546  1485  1542  1570  1435  1491  1485  1502  1489  1512  1429  1606  1540  1568  1609  
1490  1547  1494  1449  1515  1475  1505  1522  1516  1558  1505  1532  1412  1514  1454  1505  1474  1485  1485  1440  
1498  1413  1461  1483  1457  1444  1441  1504  1552  1534  1446  1600  1492  1530  1455  1464  1559  1549  1533  1491  
1472  1521  1517  1472  1542  1529  1495  1482  1556  1481  1454  1526  1505  1536  1468  1474  1492  1534  1485  1520  
1531  1584  1521  1492  1529  1470  1486  1448  1440  1573  1453  1569  1550  1493  1526  1446  1448  1477  1452  1561  
1522  1584  1482  1499  1529  1490  1480  1484  1443  1416  1480  1585  1506  1543  1463  1462  1458  1502  1471  1465  
1440  1471  1506  1474  1431  1472  1525  1488  1472  1515  1540  1460  1511  1464  1543  1469  1478  1445  1599  1554  
1476  1553  1473  1512  1477  1480  1452  1554  1455  1481  1490  1518  1521  1507  1472  1472  1416  1507  1558  1510  
1499  1544  1428  1541  1535  1494  1448  1522  1433  1535  1480  1515  1555  1496  1472  1494  1535  1392  1499  1476  
1517  1421  1503  1540  1482  1494  1474  1592  1493  1507  1477  1535  1570  1471  1552  1435  1480  1429  1603  1523  
1485  1450  1490  1458  1510  1436  1504  1542  1552  1457  1502  1479  1504  1495  1529  1487  1426  1506  1501  1509  
1542  1490  1494  1507  1508  1483  1495  1560  1495  1481  1543  1585  1498  1500  1468  1501  1453  1437  1495  1495  
1509  1538  1469  1520  1472  1603  1509  1477  1472  1553  1545  1446  1501  1498  1496  1391  1518  1429  1529  1502  
1571  1538  1549  1435  1561  1499  1580  1516  1538  1465  1501  1553  1504  1440  1507  1567  1454  1438  1477  1469  
1500  1457  1484  1503  1477  1451  1538  1594  1525  1522  1527  1524  1487  1422  1494  1511  1545  1449  1515  1550  
1519  1550  1545  1520  1575  1534  1518  1486  1514  1562  1594  1458  1511  1522  1535  1494  1478  1420  1448  1442  
1470  1560  1510  1557  1532  1525  1554  1557  1534  1519  1493  1552  1502  1470  1577  1558  1411  1379  1475  1521  
1520  1513  1437  1437  1468  1504  1487  1559  1485  1469  1487  1509  1482  1448  1526  1529  1515  1463  1498  1562  
