1.20061
1593  1453  1462  1429  1480  1535  1525  1489  1603  1488  1612  1469  1552  1492  1528  1450  1508  1410  1535  1554  
1523  1486  1517  1577  1484  1548  1530  1509  1541  1438  1484  1526  1455  1486  1519  1533  1534  1485  1499  1499  
1553  1501  1476  1552  1486  1503  1514  1481  1505  1555  1521  1507  1456  1461  1519  1470  1511  1480  1524  1458  
1516  1411  1518  1416  1530  1468  1578  1467  1457  1480  1569  1404  1518  1564  1438  1404  1526  1550  1549  1493  
1559  1433  1402  1451  1510  1494  1548  1564  1509  1469  1494  1468  1500  1446  1507  1507  1484  1502  1461  1492  
1505  1525  1580  1526  1515  1441  1488  1430  1514  1534  1535  1495  1529  1464  1503  1464  1496  1505  1464  1513  
1456  1619  1498  1505  1450  1461  1501  1566  1505  1517  1513  1516  1493  1506  1460  1465  1575  1549  1574  1512  
1454  1497  1507  1508  1470  1561  1441  1484  1527  1492  1513  1397  1490  1487  1482  1436  1469  1492  1475  1466  
1496  1530  1539  1566  1545  1491  1502  1496  1513  1471  1540  1532  1492  1485  1436  1564  1482  1446  1518  1513  
1448  1471  1533  1417  1510  1551  1516  1463  1499  1471  1529  1458  1511  1486  1488  1469  1459  1468  1452  1471  
1496  1519  1525  1548  1475  1472  1516  1446  1522  1515  1490  1494  1513  1476  1492  1513  1503  1464  1477  1480  
1514  1546  1489  1532  1472  1441  1500  1569  1558  1544  1493  1437  1482  1485  1520  1493  1481  1505  1603  1536  
1495  1503  1465  1527  1466  1465  1534  1580  1414  1506  1555  1514  1526  1551  1439  1517  1472  1420  1499  1485  
1508  1525  1443  1487  1577  1500  1545  1507  1597  1475  1513  1547  1514  1520  1508  1503  1497  1477  1517  1453  
1495  1492  1489  1500  1542  1552  1480  1512  1514  1532  1431  1521  1547  1515  1499  1482  1469  1418  1469  1507  
1436  1518  1554  1509  1483  1509  1463  1508  1541  1564  1469  1492  1460  1501  1532  1502  1497  1473  1457  1514  
1529  1552  1466  1509  1587  1490  1569  1496  1554  1532  1588  1489  1488  1545  1456  1451  1535  1461  1496  1409  
1554  1413  1507  1534  1534  1462  1519  1510  1467  1489  1465  1448  1483  1507  1480  1516  1454  1477  1455  1502  
1504  1564  1515  1441  1524  1506  1466  1557  1567  1561  1494  1564  1470  1515  1614  1552  1451  1493  1475  1469  
1490  1440  1487  1537  1471  1474  1473  1535  1521  1599  1575  1584  1375  1482  1540  1559  1452  1443  1513  1536  
